$breaks
 [1]  0  5 10 15 20 25 30 35 40 45 50 55 60

$counts
 [1] 5 5 5 5 5 5 5 5 5 5 5 3

$density
 [1] 0.01724138 0.01724138 0.01724138 0.01724138 0.01724138 0.01724138
 [7] 0.01724138 0.01724138 0.01724138 0.01724138 0.01724138 0.01034483

$mids
 [1]  2.5  7.5 12.5 17.5 22.5 27.5 32.5 37.5 42.5 47.5 52.5 57.5

$xname
[1] "as.numeric(column)"

$equidist
[1] TRUE

attr(,"class")
[1] "histogram"
$breaks
 [1] 1.0 1.2 1.4 1.6 1.8 2.0 2.2 2.4 2.6 2.8 3.0 3.2 3.4 3.6 3.8 4.0 4.2 4.4 4.6
[20] 4.8 5.0

$counts
 [1]  1  0  0  0  8  0  0  0  0 17  0  0  0  0 22  0  0  0  0 10

$density
 [1] 0.0862069 0.0000000 0.0000000 0.0000000 0.6896552 0.0000000 0.0000000
 [8] 0.0000000 0.0000000 1.4655172 0.0000000 0.0000000 0.0000000 0.0000000
[15] 1.8965517 0.0000000 0.0000000 0.0000000 0.0000000 0.8620690

$mids
 [1] 1.1 1.3 1.5 1.7 1.9 2.1 2.3 2.5 2.7 2.9 3.1 3.3 3.5 3.7 3.9 4.1 4.3 4.5 4.7
[20] 4.9

$xname
[1] "as.numeric(column)"

$equidist
[1] TRUE

attr(,"class")
[1] "histogram"
$breaks
 [1] 1.0 1.2 1.4 1.6 1.8 2.0 2.2 2.4 2.6 2.8 3.0 3.2 3.4 3.6 3.8 4.0

$counts
 [1]  6  0  0  0 18  0  0  0  0 22  0  0  0  0 12

$density
 [1] 0.5172414 0.0000000 0.0000000 0.0000000 1.5517241 0.0000000 0.0000000
 [8] 0.0000000 0.0000000 1.8965517 0.0000000 0.0000000 0.0000000 0.0000000
[15] 1.0344828

$mids
 [1] 1.1 1.3 1.5 1.7 1.9 2.1 2.3 2.5 2.7 2.9 3.1 3.3 3.5 3.7 3.9

$xname
[1] "as.numeric(column)"

$equidist
[1] TRUE

attr(,"class")
[1] "histogram"
$breaks
 [1] 0.00 0.05 0.10 0.15 0.20 0.25 0.30 0.35 0.40 0.45 0.50 0.55 0.60 0.65 0.70
[16] 0.75 0.80 0.85 0.90 0.95 1.00

$counts
 [1] 56  0  0  0  0  0  0  0  0  0  0  0  0  0  0  0  0  0  0  2

$density
 [1] 19.3103448  0.0000000  0.0000000  0.0000000  0.0000000  0.0000000
 [7]  0.0000000  0.0000000  0.0000000  0.0000000  0.0000000  0.0000000
[13]  0.0000000  0.0000000  0.0000000  0.0000000  0.0000000  0.0000000
[19]  0.0000000  0.6896552

$mids
 [1] 0.025 0.075 0.125 0.175 0.225 0.275 0.325 0.375 0.425 0.475 0.525 0.575
[13] 0.625 0.675 0.725 0.775 0.825 0.875 0.925 0.975

$xname
[1] "as.numeric(column)"

$equidist
[1] TRUE

attr(,"class")
[1] "histogram"
$breaks
[1] -1  0

$counts
[1] 58

$density
[1] 1

$mids
[1] -0.5

$xname
[1] "as.numeric(column)"

$equidist
[1] TRUE

attr(,"class")
[1] "histogram"
