$breaks
 [1]  0  2  4  6  8 10 12 14 16 18 20 22 24 26 28 30 32 34 36 38

$counts
 [1] 2 2 2 2 2 2 2 2 2 2 2 2 2 2 2 2 2 2 2

$density
 [1] 0.02631579 0.02631579 0.02631579 0.02631579 0.02631579 0.02631579
 [7] 0.02631579 0.02631579 0.02631579 0.02631579 0.02631579 0.02631579
[13] 0.02631579 0.02631579 0.02631579 0.02631579 0.02631579 0.02631579
[19] 0.02631579

$mids
 [1]  1  3  5  7  9 11 13 15 17 19 21 23 25 27 29 31 33 35 37

$xname
[1] "as.numeric(column)"

$equidist
[1] TRUE

attr(,"class")
[1] "histogram"
$breaks
 [1]  2.0  2.5  3.0  3.5  4.0  4.5  5.0  5.5  6.0  6.5  7.0  7.5  8.0  8.5  9.0
[16]  9.5 10.0 10.5 11.0 11.5 12.0

$counts
 [1]  2  0  0  0  0  0  0 10  0  4  0 10  0  6  0  2  0  2  0  2

$density
 [1] 0.1052632 0.0000000 0.0000000 0.0000000 0.0000000 0.0000000 0.0000000
 [8] 0.5263158 0.0000000 0.2105263 0.0000000 0.5263158 0.0000000 0.3157895
[15] 0.0000000 0.1052632 0.0000000 0.1052632 0.0000000 0.1052632

$mids
 [1]  2.25  2.75  3.25  3.75  4.25  4.75  5.25  5.75  6.25  6.75  7.25  7.75
[13]  8.25  8.75  9.25  9.75 10.25 10.75 11.25 11.75

$xname
[1] "as.numeric(column)"

$equidist
[1] TRUE

attr(,"class")
[1] "histogram"
$breaks
 [1] 0.0 0.2 0.4 0.6 0.8 1.0 1.2 1.4 1.6 1.8 2.0 2.2 2.4 2.6 2.8 3.0 3.2 3.4 3.6
[20] 3.8 4.0

$counts
 [1]  2  0  0  0  8  0  0  0  0 12  0  0  0  0  8  0  0  0  0  8

$density
 [1] 0.2631579 0.0000000 0.0000000 0.0000000 1.0526316 0.0000000 0.0000000
 [8] 0.0000000 0.0000000 1.5789474 0.0000000 0.0000000 0.0000000 0.0000000
[15] 1.0526316 0.0000000 0.0000000 0.0000000 0.0000000 1.0526316

$mids
 [1] 0.1 0.3 0.5 0.7 0.9 1.1 1.3 1.5 1.7 1.9 2.1 2.3 2.5 2.7 2.9 3.1 3.3 3.5 3.7
[20] 3.9

$xname
[1] "as.numeric(column)"

$equidist
[1] TRUE

attr(,"class")
[1] "histogram"
$breaks
 [1] 0.0 0.1 0.2 0.3 0.4 0.5 0.6 0.7 0.8 0.9 1.0 1.1 1.2 1.3 1.4 1.5 1.6 1.7 1.8
[20] 1.9 2.0

$counts
 [1] 10  0  0  0  0  0  0  0  0 22  0  0  0  0  0  0  0  0  0  6

$density
 [1] 2.631579 0.000000 0.000000 0.000000 0.000000 0.000000 0.000000 0.000000
 [9] 0.000000 5.789474 0.000000 0.000000 0.000000 0.000000 0.000000 0.000000
[17] 0.000000 0.000000 0.000000 1.578947

$mids
 [1] 0.05 0.15 0.25 0.35 0.45 0.55 0.65 0.75 0.85 0.95 1.05 1.15 1.25 1.35 1.45
[16] 1.55 1.65 1.75 1.85 1.95

$xname
[1] "as.numeric(column)"

$equidist
[1] TRUE

attr(,"class")
[1] "histogram"
$breaks
 [1] 0.0 0.5 1.0 1.5 2.0 2.5 3.0 3.5 4.0 4.5 5.0 5.5 6.0

$counts
 [1]  2  0  0  4  0 14  0 10  0  6  0  2

$density
 [1] 0.1052632 0.0000000 0.0000000 0.2105263 0.0000000 0.7368421 0.0000000
 [8] 0.5263158 0.0000000 0.3157895 0.0000000 0.1052632

$mids
 [1] 0.25 0.75 1.25 1.75 2.25 2.75 3.25 3.75 4.25 4.75 5.25 5.75

$xname
[1] "as.numeric(column)"

$equidist
[1] TRUE

attr(,"class")
[1] "histogram"
$breaks
[1] -1  0

$counts
[1] 38

$density
[1] 1

$mids
[1] -0.5

$xname
[1] "as.numeric(column)"

$equidist
[1] TRUE

attr(,"class")
[1] "histogram"
