$breaks
 [1]  1  2  3  4  5  6  7  8  9 10 11 12 13 14 15 16

$counts
 [1] 2 1 1 1 1 1 1 1 1 1 1 1 1 1 1

$density
 [1] 0.1250 0.0625 0.0625 0.0625 0.0625 0.0625 0.0625 0.0625 0.0625 0.0625
[11] 0.0625 0.0625 0.0625 0.0625 0.0625

$mids
 [1]  1.5  2.5  3.5  4.5  5.5  6.5  7.5  8.5  9.5 10.5 11.5 12.5 13.5 14.5 15.5

$xname
[1] "as.numeric(column)"

$equidist
[1] TRUE

attr(,"class")
[1] "histogram"
$breaks
 [1]  7.0  7.5  8.0  8.5  9.0  9.5 10.0 10.5 11.0 11.5 12.0 12.5 13.0 13.5 14.0
[16] 14.5 15.0 15.5 16.0 16.5 17.0

$counts
 [1] 1 0 0 3 0 0 0 3 0 2 0 2 0 2 0 2 0 0 0 1

$density
 [1] 0.125 0.000 0.000 0.375 0.000 0.000 0.000 0.375 0.000 0.250 0.000 0.250
[13] 0.000 0.250 0.000 0.250 0.000 0.000 0.000 0.125

$mids
 [1]  7.25  7.75  8.25  8.75  9.25  9.75 10.25 10.75 11.25 11.75 12.25 12.75
[13] 13.25 13.75 14.25 14.75 15.25 15.75 16.25 16.75

$xname
[1] "as.numeric(column)"

$equidist
[1] TRUE

attr(,"class")
[1] "histogram"
$breaks
 [1] 0.0 0.5 1.0 1.5 2.0 2.5 3.0 3.5 4.0 4.5 5.0 5.5 6.0

$counts
 [1] 1 2 0 2 0 2 0 4 0 4 0 1

$density
 [1] 0.125 0.250 0.000 0.250 0.000 0.250 0.000 0.500 0.000 0.500 0.000 0.125

$mids
 [1] 0.25 0.75 1.25 1.75 2.25 2.75 3.25 3.75 4.25 4.75 5.25 5.75

$xname
[1] "as.numeric(column)"

$equidist
[1] TRUE

attr(,"class")
[1] "histogram"
$breaks
 [1] 4.0 4.2 4.4 4.6 4.8 5.0 5.2 5.4 5.6 5.8 6.0 6.2 6.4 6.6 6.8 7.0

$counts
 [1] 6 0 0 0 8 0 0 0 0 0 0 0 0 0 2

$density
 [1] 1.875 0.000 0.000 0.000 2.500 0.000 0.000 0.000 0.000 0.000 0.000 0.000
[13] 0.000 0.000 0.625

$mids
 [1] 4.1 4.3 4.5 4.7 4.9 5.1 5.3 5.5 5.7 5.9 6.1 6.3 6.5 6.7 6.9

$xname
[1] "as.numeric(column)"

$equidist
[1] TRUE

attr(,"class")
[1] "histogram"
$breaks
 [1] 2.0 2.1 2.2 2.3 2.4 2.5 2.6 2.7 2.8 2.9 3.0 3.1 3.2 3.3 3.4 3.5 3.6 3.7 3.8
[20] 3.9 4.0

$counts
 [1] 6 0 0 0 0 0 0 0 0 8 0 0 0 0 0 0 0 0 0 2

$density
 [1] 3.75 0.00 0.00 0.00 0.00 0.00 0.00 0.00 0.00 5.00 0.00 0.00 0.00 0.00 0.00
[16] 0.00 0.00 0.00 0.00 1.25

$mids
 [1] 2.05 2.15 2.25 2.35 2.45 2.55 2.65 2.75 2.85 2.95 3.05 3.15 3.25 3.35 3.45
[16] 3.55 3.65 3.75 3.85 3.95

$xname
[1] "as.numeric(column)"

$equidist
[1] TRUE

attr(,"class")
[1] "histogram"
$breaks
[1] -1  0

$counts
[1] 16

$density
[1] 1

$mids
[1] -0.5

$xname
[1] "as.numeric(column)"

$equidist
[1] TRUE

attr(,"class")
[1] "histogram"
