$breaks
 [1]  1  2  3  4  5  6  7  8  9 10 11 12 13 14 15 16 17

$counts
 [1] 2 1 1 1 1 1 1 1 1 1 1 1 1 1 1 1

$density
 [1] 0.11764706 0.05882353 0.05882353 0.05882353 0.05882353 0.05882353
 [7] 0.05882353 0.05882353 0.05882353 0.05882353 0.05882353 0.05882353
[13] 0.05882353 0.05882353 0.05882353 0.05882353

$mids
 [1]  1.5  2.5  3.5  4.5  5.5  6.5  7.5  8.5  9.5 10.5 11.5 12.5 13.5 14.5 15.5
[16] 16.5

$xname
[1] "as.numeric(column)"

$equidist
[1] TRUE

attr(,"class")
[1] "histogram"
$breaks
 [1] 1.0 1.1 1.2 1.3 1.4 1.5 1.6 1.7 1.8 1.9 2.0 2.1 2.2 2.3 2.4 2.5 2.6 2.7 2.8
[20] 2.9 3.0

$counts
 [1] 3 0 0 0 0 0 0 0 0 6 0 0 0 0 0 0 0 0 0 8

$density
 [1] 1.764706 0.000000 0.000000 0.000000 0.000000 0.000000 0.000000 0.000000
 [9] 0.000000 3.529412 0.000000 0.000000 0.000000 0.000000 0.000000 0.000000
[17] 0.000000 0.000000 0.000000 4.705882

$mids
 [1] 1.05 1.15 1.25 1.35 1.45 1.55 1.65 1.75 1.85 1.95 2.05 2.15 2.25 2.35 2.45
[16] 2.55 2.65 2.75 2.85 2.95

$xname
[1] "as.numeric(column)"

$equidist
[1] TRUE

attr(,"class")
[1] "histogram"
$breaks
 [1] 0.0 0.5 1.0 1.5 2.0 2.5 3.0 3.5 4.0 4.5 5.0 5.5 6.0

$counts
 [1] 1 0 0 0 0 4 0 4 0 4 0 4

$density
 [1] 0.1176471 0.0000000 0.0000000 0.0000000 0.0000000 0.4705882 0.0000000
 [8] 0.4705882 0.0000000 0.4705882 0.0000000 0.4705882

$mids
 [1] 0.25 0.75 1.25 1.75 2.25 2.75 3.25 3.75 4.25 4.75 5.25 5.75

$xname
[1] "as.numeric(column)"

$equidist
[1] TRUE

attr(,"class")
[1] "histogram"
$breaks
 [1] 0.00 0.05 0.10 0.15 0.20 0.25 0.30 0.35 0.40 0.45 0.50 0.55 0.60 0.65 0.70
[16] 0.75 0.80 0.85 0.90 0.95 1.00

$counts
 [1] 15  0  0  0  0  0  0  0  0  0  0  0  0  0  0  0  0  0  0  2

$density
 [1] 17.647059  0.000000  0.000000  0.000000  0.000000  0.000000  0.000000
 [8]  0.000000  0.000000  0.000000  0.000000  0.000000  0.000000  0.000000
[15]  0.000000  0.000000  0.000000  0.000000  0.000000  2.352941

$mids
 [1] 0.025 0.075 0.125 0.175 0.225 0.275 0.325 0.375 0.425 0.475 0.525 0.575
[13] 0.625 0.675 0.725 0.775 0.825 0.875 0.925 0.975

$xname
[1] "as.numeric(column)"

$equidist
[1] TRUE

attr(,"class")
[1] "histogram"
$breaks
[1] -1  0

$counts
[1] 17

$density
[1] 1

$mids
[1] -0.5

$xname
[1] "as.numeric(column)"

$equidist
[1] TRUE

attr(,"class")
[1] "histogram"
