$breaks
 [1]  0  5 10 15 20 25 30 35 40 45 50

$counts
 [1] 5 5 5 5 5 5 5 5 5 5

$density
 [1] 0.02 0.02 0.02 0.02 0.02 0.02 0.02 0.02 0.02 0.02

$mids
 [1]  2.5  7.5 12.5 17.5 22.5 27.5 32.5 37.5 42.5 47.5

$xname
[1] "as.numeric(column)"

$equidist
[1] TRUE

attr(,"class")
[1] "histogram"
$breaks
 [1] 1.0 1.1 1.2 1.3 1.4 1.5 1.6 1.7 1.8 1.9 2.0 2.1 2.2 2.3 2.4 2.5 2.6 2.7 2.8
[20] 2.9 3.0

$counts
 [1] 10  0  0  0  0  0  0  0  0 20  0  0  0  0  0  0  0  0  0 20

$density
 [1] 2 0 0 0 0 0 0 0 0 4 0 0 0 0 0 0 0 0 0 4

$mids
 [1] 1.05 1.15 1.25 1.35 1.45 1.55 1.65 1.75 1.85 1.95 2.05 2.15 2.25 2.35 2.45
[16] 2.55 2.65 2.75 2.85 2.95

$xname
[1] "as.numeric(column)"

$equidist
[1] TRUE

attr(,"class")
[1] "histogram"
$breaks
 [1] 0.0 0.5 1.0 1.5 2.0 2.5 3.0 3.5 4.0 4.5 5.0

$counts
 [1]  2  8  0  4  0 16  0  4  0 16

$density
 [1] 0.08 0.32 0.00 0.16 0.00 0.64 0.00 0.16 0.00 0.64

$mids
 [1] 0.25 0.75 1.25 1.75 2.25 2.75 3.25 3.75 4.25 4.75

$xname
[1] "as.numeric(column)"

$equidist
[1] TRUE

attr(,"class")
[1] "histogram"
$breaks
 [1] 0.00 0.05 0.10 0.15 0.20 0.25 0.30 0.35 0.40 0.45 0.50 0.55 0.60 0.65 0.70
[16] 0.75 0.80 0.85 0.90 0.95 1.00

$counts
 [1] 22  0  0  0  0  0  0  0  0  0  0  0  0  0  0  0  0  0  0 28

$density
 [1]  8.8  0.0  0.0  0.0  0.0  0.0  0.0  0.0  0.0  0.0  0.0  0.0  0.0  0.0  0.0
[16]  0.0  0.0  0.0  0.0 11.2

$mids
 [1] 0.025 0.075 0.125 0.175 0.225 0.275 0.325 0.375 0.425 0.475 0.525 0.575
[13] 0.625 0.675 0.725 0.775 0.825 0.875 0.925 0.975

$xname
[1] "as.numeric(column)"

$equidist
[1] TRUE

attr(,"class")
[1] "histogram"
$breaks
[1] -1  0

$counts
[1] 50

$density
[1] 1

$mids
[1] -0.5

$xname
[1] "as.numeric(column)"

$equidist
[1] TRUE

attr(,"class")
[1] "histogram"
