$breaks
 [1]   0  50 100 150 200 250 300 350 400 450 500 550 600 650

$counts
 [1] 50 50 50 50 50 50 50 50 50 50 50 50 14

$density
 [1] 0.0016286645 0.0016286645 0.0016286645 0.0016286645 0.0016286645
 [6] 0.0016286645 0.0016286645 0.0016286645 0.0016286645 0.0016286645
[11] 0.0016286645 0.0016286645 0.0004560261

$mids
 [1]  25  75 125 175 225 275 325 375 425 475 525 575 625

$xname
[1] "as.numeric(column)"

$equidist
[1] TRUE

attr(,"class")
[1] "histogram"
$breaks
 [1]  3  4  5  6  7  8  9 10 11 12 13 14

$counts
 [1]   6   8  15  34  43  79  96 107 105  89  32

$density
 [1] 0.009771987 0.013029316 0.024429967 0.055374593 0.070032573 0.128664495
 [7] 0.156351792 0.174267101 0.171009772 0.144951140 0.052117264

$mids
 [1]  3.5  4.5  5.5  6.5  7.5  8.5  9.5 10.5 11.5 12.5 13.5

$xname
[1] "as.numeric(column)"

$equidist
[1] TRUE

attr(,"class")
[1] "histogram"
$breaks
 [1] 1.0 1.5 2.0 2.5 3.0 3.5 4.0 4.5 5.0 5.5 6.0 6.5 7.0 7.5 8.0

$counts
 [1]   5  20   0  44   0  87   0 117   0 171   0 135   0  35

$density
 [1] 0.01628664 0.06514658 0.00000000 0.14332248 0.00000000 0.28338762
 [7] 0.00000000 0.38110749 0.00000000 0.55700326 0.00000000 0.43973941
[13] 0.00000000 0.11400651

$mids
 [1] 1.25 1.75 2.25 2.75 3.25 3.75 4.25 4.75 5.25 5.75 6.25 6.75 7.25 7.75

$xname
[1] "as.numeric(column)"

$equidist
[1] TRUE

attr(,"class")
[1] "histogram"
$breaks
 [1] 0.0 0.2 0.4 0.6 0.8 1.0 1.2 1.4 1.6 1.8 2.0 2.2 2.4 2.6 2.8 3.0

$counts
 [1]  41   0   0   0 268   0   0   0   0 147   0   0   0   0 158

$density
 [1] 0.3338762 0.0000000 0.0000000 0.0000000 2.1824104 0.0000000 0.0000000
 [8] 0.0000000 0.0000000 1.1970684 0.0000000 0.0000000 0.0000000 0.0000000
[15] 1.2866450

$mids
 [1] 0.1 0.3 0.5 0.7 0.9 1.1 1.3 1.5 1.7 1.9 2.1 2.3 2.5 2.7 2.9

$xname
[1] "as.numeric(column)"

$equidist
[1] TRUE

attr(,"class")
[1] "histogram"
$breaks
 [1] 0.0 0.2 0.4 0.6 0.8 1.0 1.2 1.4 1.6 1.8 2.0 2.2 2.4 2.6 2.8 3.0 3.2 3.4 3.6
[20] 3.8 4.0

$counts
 [1]   6   0   0   0  77   0   0   0   0 257   0   0   0   0 250   0   0   0   0
[20]  24

$density
 [1] 0.04885993 0.00000000 0.00000000 0.00000000 0.62703583 0.00000000
 [7] 0.00000000 0.00000000 0.00000000 2.09283388 0.00000000 0.00000000
[13] 0.00000000 0.00000000 2.03583062 0.00000000 0.00000000 0.00000000
[19] 0.00000000 0.19543974

$mids
 [1] 0.1 0.3 0.5 0.7 0.9 1.1 1.3 1.5 1.7 1.9 2.1 2.3 2.5 2.7 2.9 3.1 3.3 3.5 3.7
[20] 3.9

$xname
[1] "as.numeric(column)"

$equidist
[1] TRUE

attr(,"class")
[1] "histogram"
$breaks
[1] -1  0

$counts
[1] 614

$density
[1] 1

$mids
[1] -0.5

$xname
[1] "as.numeric(column)"

$equidist
[1] TRUE

attr(,"class")
[1] "histogram"
