$breaks
 [1]  0  2  4  6  8 10 12 14 16 18 20 22 24 26

$counts
 [1] 2 2 2 2 2 2 2 2 2 2 2 2 2

$density
 [1] 0.03846154 0.03846154 0.03846154 0.03846154 0.03846154 0.03846154
 [7] 0.03846154 0.03846154 0.03846154 0.03846154 0.03846154 0.03846154
[13] 0.03846154

$mids
 [1]  1  3  5  7  9 11 13 15 17 19 21 23 25

$xname
[1] "as.numeric(column)"

$equidist
[1] TRUE

attr(,"class")
[1] "histogram"
$breaks
 [1] 0.0 0.2 0.4 0.6 0.8 1.0 1.2 1.4 1.6 1.8 2.0 2.2 2.4 2.6 2.8 3.0 3.2 3.4 3.6
[20] 3.8 4.0

$counts
 [1]  2  0  0  0  4  0  0  0  0  6  0  0  0  0 11  0  0  0  0  3

$density
 [1] 0.3846154 0.0000000 0.0000000 0.0000000 0.7692308 0.0000000 0.0000000
 [8] 0.0000000 0.0000000 1.1538462 0.0000000 0.0000000 0.0000000 0.0000000
[15] 2.1153846 0.0000000 0.0000000 0.0000000 0.0000000 0.5769231

$mids
 [1] 0.1 0.3 0.5 0.7 0.9 1.1 1.3 1.5 1.7 1.9 2.1 2.3 2.5 2.7 2.9 3.1 3.3 3.5 3.7
[20] 3.9

$xname
[1] "as.numeric(column)"

$equidist
[1] TRUE

attr(,"class")
[1] "histogram"
$breaks
 [1] 1.0 1.5 2.0 2.5 3.0 3.5 4.0 4.5 5.0 5.5 6.0 6.5 7.0 7.5 8.0

$counts
 [1] 3 2 0 4 0 3 0 3 0 4 0 3 0 4

$density
 [1] 0.2307692 0.1538462 0.0000000 0.3076923 0.0000000 0.2307692 0.0000000
 [8] 0.2307692 0.0000000 0.3076923 0.0000000 0.2307692 0.0000000 0.3076923

$mids
 [1] 1.25 1.75 2.25 2.75 3.25 3.75 4.25 4.75 5.25 5.75 6.25 6.75 7.25 7.75

$xname
[1] "as.numeric(column)"

$equidist
[1] TRUE

attr(,"class")
[1] "histogram"
$breaks
 [1] 0.00 0.05 0.10 0.15 0.20 0.25 0.30 0.35 0.40 0.45 0.50 0.55 0.60 0.65 0.70
[16] 0.75 0.80 0.85 0.90 0.95 1.00

$counts
 [1]  1  0  0  0  0  0  0  0  0  0  0  0  0  0  0  0  0  0  0 25

$density
 [1]  0.7692308  0.0000000  0.0000000  0.0000000  0.0000000  0.0000000
 [7]  0.0000000  0.0000000  0.0000000  0.0000000  0.0000000  0.0000000
[13]  0.0000000  0.0000000  0.0000000  0.0000000  0.0000000  0.0000000
[19]  0.0000000 19.2307692

$mids
 [1] 0.025 0.075 0.125 0.175 0.225 0.275 0.325 0.375 0.425 0.475 0.525 0.575
[13] 0.625 0.675 0.725 0.775 0.825 0.875 0.925 0.975

$xname
[1] "as.numeric(column)"

$equidist
[1] TRUE

attr(,"class")
[1] "histogram"
$breaks
 [1] 0.00 0.05 0.10 0.15 0.20 0.25 0.30 0.35 0.40 0.45 0.50 0.55 0.60 0.65 0.70
[16] 0.75 0.80 0.85 0.90 0.95 1.00

$counts
 [1] 25  0  0  0  0  0  0  0  0  0  0  0  0  0  0  0  0  0  0  1

$density
 [1] 19.2307692  0.0000000  0.0000000  0.0000000  0.0000000  0.0000000
 [7]  0.0000000  0.0000000  0.0000000  0.0000000  0.0000000  0.0000000
[13]  0.0000000  0.0000000  0.0000000  0.0000000  0.0000000  0.0000000
[19]  0.0000000  0.7692308

$mids
 [1] 0.025 0.075 0.125 0.175 0.225 0.275 0.325 0.375 0.425 0.475 0.525 0.575
[13] 0.625 0.675 0.725 0.775 0.825 0.875 0.925 0.975

$xname
[1] "as.numeric(column)"

$equidist
[1] TRUE

attr(,"class")
[1] "histogram"
