$breaks
 [1]   0  10  20  30  40  50  60  70  80  90 100 110 120 130 140 150 160 170

$counts
 [1] 10 10 10 10 10 10 10 10 10 10 10 10 10 10 10 10  4

$density
 [1] 0.006097561 0.006097561 0.006097561 0.006097561 0.006097561 0.006097561
 [7] 0.006097561 0.006097561 0.006097561 0.006097561 0.006097561 0.006097561
[13] 0.006097561 0.006097561 0.006097561 0.006097561 0.002439024

$mids
 [1]   5  15  25  35  45  55  65  75  85  95 105 115 125 135 145 155 165

$xname
[1] "as.numeric(column)"

$equidist
[1] TRUE

attr(,"class")
[1] "histogram"
$breaks
 [1]  6  7  8  9 10 11 12 13 14 15 16 17 18 19

$counts
 [1]  2  5  5 13 16 15 19 17 21 26 17  6  2

$density
 [1] 0.01219512 0.03048780 0.03048780 0.07926829 0.09756098 0.09146341
 [7] 0.11585366 0.10365854 0.12804878 0.15853659 0.10365854 0.03658537
[13] 0.01219512

$mids
 [1]  6.5  7.5  8.5  9.5 10.5 11.5 12.5 13.5 14.5 15.5 16.5 17.5 18.5

$xname
[1] "as.numeric(column)"

$equidist
[1] TRUE

attr(,"class")
[1] "histogram"
$breaks
 [1] 3.0 3.2 3.4 3.6 3.8 4.0 4.2 4.4 4.6 4.8 5.0 5.2 5.4 5.6 5.8 6.0 6.2 6.4 6.6
[20] 6.8 7.0

$counts
 [1]  6  0  0  0 14  0  0  0  0 43  0  0  0  0 65  0  0  0  0 36

$density
 [1] 0.1829268 0.0000000 0.0000000 0.0000000 0.4268293 0.0000000 0.0000000
 [8] 0.0000000 0.0000000 1.3109756 0.0000000 0.0000000 0.0000000 0.0000000
[15] 1.9817073 0.0000000 0.0000000 0.0000000 0.0000000 1.0975610

$mids
 [1] 3.1 3.3 3.5 3.7 3.9 4.1 4.3 4.5 4.7 4.9 5.1 5.3 5.5 5.7 5.9 6.1 6.3 6.5 6.7
[20] 6.9

$xname
[1] "as.numeric(column)"

$equidist
[1] TRUE

attr(,"class")
[1] "histogram"
$breaks
 [1] 0.0 0.2 0.4 0.6 0.8 1.0 1.2 1.4 1.6 1.8 2.0 2.2 2.4 2.6 2.8 3.0 3.2 3.4 3.6
[20] 3.8 4.0

$counts
 [1]  6  0  0  0 35  0  0  0  0 81  0  0  0  0 33  0  0  0  0  9

$density
 [1] 0.1829268 0.0000000 0.0000000 0.0000000 1.0670732 0.0000000 0.0000000
 [8] 0.0000000 0.0000000 2.4695122 0.0000000 0.0000000 0.0000000 0.0000000
[15] 1.0060976 0.0000000 0.0000000 0.0000000 0.0000000 0.2743902

$mids
 [1] 0.1 0.3 0.5 0.7 0.9 1.1 1.3 1.5 1.7 1.9 2.1 2.3 2.5 2.7 2.9 3.1 3.3 3.5 3.7
[20] 3.9

$xname
[1] "as.numeric(column)"

$equidist
[1] TRUE

attr(,"class")
[1] "histogram"
$breaks
 [1]  0.0  0.5  1.0  1.5  2.0  2.5  3.0  3.5  4.0  4.5  5.0  5.5  6.0  6.5  7.0
[16]  7.5  8.0  8.5  9.0  9.5 10.0

$counts
 [1]  3  7  0  8  0 24  0 28  0 34  0 24  0 18  0  6  0  8  0  4

$density
 [1] 0.03658537 0.08536585 0.00000000 0.09756098 0.00000000 0.29268293
 [7] 0.00000000 0.34146341 0.00000000 0.41463415 0.00000000 0.29268293
[13] 0.00000000 0.21951220 0.00000000 0.07317073 0.00000000 0.09756098
[19] 0.00000000 0.04878049

$mids
 [1] 0.25 0.75 1.25 1.75 2.25 2.75 3.25 3.75 4.25 4.75 5.25 5.75 6.25 6.75 7.25
[16] 7.75 8.25 8.75 9.25 9.75

$xname
[1] "as.numeric(column)"

$equidist
[1] TRUE

attr(,"class")
[1] "histogram"
$breaks
[1] -1  0

$counts
[1] 164

$density
[1] 1

$mids
[1] -0.5

$xname
[1] "as.numeric(column)"

$equidist
[1] TRUE

attr(,"class")
[1] "histogram"
