$breaks
 [1]  1  2  3  4  5  6  7  8  9 10 11 12 13 14 15 16 17

$counts
 [1] 2 1 1 1 1 1 1 1 1 1 1 1 1 1 1 1

$density
 [1] 0.11764706 0.05882353 0.05882353 0.05882353 0.05882353 0.05882353
 [7] 0.05882353 0.05882353 0.05882353 0.05882353 0.05882353 0.05882353
[13] 0.05882353 0.05882353 0.05882353 0.05882353

$mids
 [1]  1.5  2.5  3.5  4.5  5.5  6.5  7.5  8.5  9.5 10.5 11.5 12.5 13.5 14.5 15.5
[16] 16.5

$xname
[1] "as.numeric(column)"

$equidist
[1] TRUE

attr(,"class")
[1] "histogram"
$breaks
[1] -1  0

$counts
[1] 17

$density
[1] 1

$mids
[1] -0.5

$xname
[1] "as.numeric(column)"

$equidist
[1] TRUE

attr(,"class")
[1] "histogram"
