$breaks
 [1]  1  2  3  4  5  6  7  8  9 10 11 12 13 14

$counts
 [1] 2 1 1 1 1 1 1 1 1 1 1 1 1

$density
 [1] 0.14285714 0.07142857 0.07142857 0.07142857 0.07142857 0.07142857
 [7] 0.07142857 0.07142857 0.07142857 0.07142857 0.07142857 0.07142857
[13] 0.07142857

$mids
 [1]  1.5  2.5  3.5  4.5  5.5  6.5  7.5  8.5  9.5 10.5 11.5 12.5 13.5

$xname
[1] "as.numeric(column)"

$equidist
[1] TRUE

attr(,"class")
[1] "histogram"
$breaks
 [1] 1.0 1.2 1.4 1.6 1.8 2.0 2.2 2.4 2.6 2.8 3.0 3.2 3.4 3.6 3.8 4.0

$counts
 [1] 2 0 0 0 8 0 0 0 0 2 0 0 0 0 2

$density
 [1] 0.7142857 0.0000000 0.0000000 0.0000000 2.8571429 0.0000000 0.0000000
 [8] 0.0000000 0.0000000 0.7142857 0.0000000 0.0000000 0.0000000 0.0000000
[15] 0.7142857

$mids
 [1] 1.1 1.3 1.5 1.7 1.9 2.1 2.3 2.5 2.7 2.9 3.1 3.3 3.5 3.7 3.9

$xname
[1] "as.numeric(column)"

$equidist
[1] TRUE

attr(,"class")
[1] "histogram"
$breaks
 [1] 0.0 0.5 1.0 1.5 2.0 2.5 3.0 3.5 4.0 4.5 5.0

$counts
 [1] 2 0 0 2 0 6 0 2 0 2

$density
 [1] 0.2857143 0.0000000 0.0000000 0.2857143 0.0000000 0.8571429 0.0000000
 [8] 0.2857143 0.0000000 0.2857143

$mids
 [1] 0.25 0.75 1.25 1.75 2.25 2.75 3.25 3.75 4.25 4.75

$xname
[1] "as.numeric(column)"

$equidist
[1] TRUE

attr(,"class")
[1] "histogram"
$breaks
 [1] 0.0 0.2 0.4 0.6 0.8 1.0 1.2 1.4 1.6 1.8 2.0 2.2 2.4 2.6 2.8 3.0

$counts
 [1] 2 0 0 0 6 0 0 0 0 4 0 0 0 0 2

$density
 [1] 0.7142857 0.0000000 0.0000000 0.0000000 2.1428571 0.0000000 0.0000000
 [8] 0.0000000 0.0000000 1.4285714 0.0000000 0.0000000 0.0000000 0.0000000
[15] 0.7142857

$mids
 [1] 0.1 0.3 0.5 0.7 0.9 1.1 1.3 1.5 1.7 1.9 2.1 2.3 2.5 2.7 2.9

$xname
[1] "as.numeric(column)"

$equidist
[1] TRUE

attr(,"class")
[1] "histogram"
$breaks
[1] -1  0

$counts
[1] 14

$density
[1] 1

$mids
[1] -0.5

$xname
[1] "as.numeric(column)"

$equidist
[1] TRUE

attr(,"class")
[1] "histogram"
