$breaks
 [1]  0  2  4  6  8 10 12 14 16 18 20 22 24 26 28 30 32 34 36 38

$counts
 [1] 2 2 2 2 2 2 2 2 2 2 2 2 2 2 2 2 2 2 2

$density
 [1] 0.02631579 0.02631579 0.02631579 0.02631579 0.02631579 0.02631579
 [7] 0.02631579 0.02631579 0.02631579 0.02631579 0.02631579 0.02631579
[13] 0.02631579 0.02631579 0.02631579 0.02631579 0.02631579 0.02631579
[19] 0.02631579

$mids
 [1]  1  3  5  7  9 11 13 15 17 19 21 23 25 27 29 31 33 35 37

$xname
[1] "as.numeric(column)"

$equidist
[1] TRUE

attr(,"class")
[1] "histogram"
$breaks
 [1] 1.0 1.1 1.2 1.3 1.4 1.5 1.6 1.7 1.8 1.9 2.0 2.1 2.2 2.3 2.4 2.5 2.6 2.7 2.8
[20] 2.9 3.0

$counts
 [1] 18  0  0  0  0  0  0  0  0  8  0  0  0  0  0  0  0  0  0 12

$density
 [1] 4.736842 0.000000 0.000000 0.000000 0.000000 0.000000 0.000000 0.000000
 [9] 0.000000 2.105263 0.000000 0.000000 0.000000 0.000000 0.000000 0.000000
[17] 0.000000 0.000000 0.000000 3.157895

$mids
 [1] 1.05 1.15 1.25 1.35 1.45 1.55 1.65 1.75 1.85 1.95 2.05 2.15 2.25 2.35 2.45
[16] 2.55 2.65 2.75 2.85 2.95

$xname
[1] "as.numeric(column)"

$equidist
[1] TRUE

attr(,"class")
[1] "histogram"
$breaks
 [1] 0.0 0.5 1.0 1.5 2.0 2.5 3.0 3.5 4.0 4.5 5.0 5.5 6.0 6.5 7.0 7.5 8.0

$counts
 [1]  2  0  0  0  0  4  0 10  0  8  0 10  0  2  0  2

$density
 [1] 0.1052632 0.0000000 0.0000000 0.0000000 0.0000000 0.2105263 0.0000000
 [8] 0.5263158 0.0000000 0.4210526 0.0000000 0.5263158 0.0000000 0.1052632
[15] 0.0000000 0.1052632

$mids
 [1] 0.25 0.75 1.25 1.75 2.25 2.75 3.25 3.75 4.25 4.75 5.25 5.75 6.25 6.75 7.25
[16] 7.75

$xname
[1] "as.numeric(column)"

$equidist
[1] TRUE

attr(,"class")
[1] "histogram"
$breaks
 [1] 0.00 0.05 0.10 0.15 0.20 0.25 0.30 0.35 0.40 0.45 0.50 0.55 0.60 0.65 0.70
[16] 0.75 0.80 0.85 0.90 0.95 1.00

$counts
 [1] 36  0  0  0  0  0  0  0  0  0  0  0  0  0  0  0  0  0  0  2

$density
 [1] 18.947368  0.000000  0.000000  0.000000  0.000000  0.000000  0.000000
 [8]  0.000000  0.000000  0.000000  0.000000  0.000000  0.000000  0.000000
[15]  0.000000  0.000000  0.000000  0.000000  0.000000  1.052632

$mids
 [1] 0.025 0.075 0.125 0.175 0.225 0.275 0.325 0.375 0.425 0.475 0.525 0.575
[13] 0.625 0.675 0.725 0.775 0.825 0.875 0.925 0.975

$xname
[1] "as.numeric(column)"

$equidist
[1] TRUE

attr(,"class")
[1] "histogram"
$breaks
[1] -1  0

$counts
[1] 38

$density
[1] 1

$mids
[1] -0.5

$xname
[1] "as.numeric(column)"

$equidist
[1] TRUE

attr(,"class")
[1] "histogram"
