[1] "apriori means"
     Simple_UC Average_UC Complex_UC
[1,]     5.654      9.888      14.14
[1] "apriori variance"
     Simple_UC Average_UC Complex_UC
[1,]   0.83708    0.06272    0.41315
[1] "normalized effort"
 [1]  13.327759  66.413473  10.749764  49.093216  22.650936  24.181038
 [7]  52.796374  12.580354  24.226090  25.684768  13.566579 148.210227
[13] 142.762243  82.965730  63.277515 144.716589 209.844657  48.991765
[19]  28.677437 190.205614  83.026620  74.627033 163.791423 314.880132
[25]  40.517470 108.867462   2.018456  10.569022   4.145489   4.566511
[31]   3.986329 353.184294 354.014329   6.107796
[1] "covariance matrix for apriori data"
            Simple_UC Average_UC Complex_UC
Simple_UC   1.0000000 -0.4374763  0.4966150
Average_UC -0.4374763  1.0000000  0.2956991
Complex_UC  0.4966150  0.2956991  1.0000000
[1] "variance-covariance matrix for apriori data"
           Simple_UC Average_UC Complex_UC
Simple_UC    0.83708   -0.10024    0.29205
Average_UC  -0.10024    0.06272    0.04760
Complex_UC   0.29205    0.04760    0.41315
[1] "weighted apriori calibrated parameters"
                [,1]
Simple_UC   47.18395
Average_UC 254.66978
Complex_UC -28.46994
[1] "residual variance"
[1] 9261.653
            Simple_UC Average_UC Complex_UC
Simple_UC  0.58682831 0.12524762 0.08313851
Average_UC 0.12524762 0.07558046 0.04059751
Complex_UC 0.08313851 0.04059751 0.04048953
           Simple_UC Average_UC Complex_UC
Simple_UC   2.733682   -3.28338  -2.321025
Average_UC -3.283380   32.61770 -25.962804
Complex_UC -2.321025  -25.96280  55.495617
[1] "regression calibrated parameters"
 Simple_UC Average_UC Complex_UC 
  3.521587  13.941535  -3.731249 
[1] "weighted regression calibrated parameters"
                [,1]
Simple_UC  3.5025006
Average_UC 1.3432987
Complex_UC 0.7076945
[1] "bayesian averaged coefficients"
                [,1]
Simple_UC   4.344348
Average_UC  9.969655
Complex_UC 13.454062
[1] "bayesian variance"
             Simple_UC  Average_UC Complex_UC
Simple_UC   0.55349348 -0.07399221 0.17171889
Average_UC -0.07399221  0.05981495 0.05739276
Complex_UC  0.17171889  0.05739276 0.35815030
    bayesian  estimated     actual bayesian_residual   residual
1  124.54423 100.982633  13.327759       111.2164712  87.654875
2   65.94471  76.895662  66.413473         0.4687627  10.482189
3  196.51736 124.215842  10.749764       185.7675950 113.466078
4  104.52447  75.977049  49.093216        55.4312503  26.883833
5   38.59766  48.867779  22.650936        15.9467259  26.216842
6   69.42912  59.222878  24.181038        45.2480790  35.041840
7  101.47898 129.140214  52.796374        48.6826094  76.343840
8  283.90579 177.474086  12.580354       271.3254375 164.893731
9   68.50663  90.692383  24.226090        44.2805380  66.466293
10  85.92866   2.328463  25.684768        60.2438931  23.356305
11  60.74042  52.179704  13.566579        47.1738416  38.613125
12  47.28636  55.910953 148.210227       100.9238684  92.299274
13 170.89019 138.576701 142.762243        28.1279508   4.185542
14 195.73787 100.143985  82.965730       112.7721401  17.178255
15 156.23563 132.532103  63.277515        92.9581107  69.254588
16  55.11511  41.759756 144.716589        89.6014754 102.956833
17 345.90927 186.765759 209.844657       136.0646081  23.078898
18  98.54069  27.189235  48.991765        49.5489236  21.802530
19 137.54146  11.974612  28.677437       108.8640251  16.702825
20 103.66452  54.782678 190.205614        86.5410894 135.422936
21  57.75748  52.678992  83.026620        25.2691355  30.347628
22  86.38549  87.605236  74.627033        11.7584587  12.978203
23 115.51497 105.357984 163.791423        48.2764533  58.433439
24 150.61032 122.112155 314.880132       164.2698132 192.767976
25 121.64175  98.604436  40.517470        81.1242770  58.086966
26  33.39337  24.151821 108.867462        75.4740892  84.715641
27  18.65835  20.984709   2.018456        16.6398957  18.966253
28  78.19827  63.388566  10.569022        67.6292442  52.819544
29  18.65835  20.984709   4.145489        14.5128623  16.839220
30  43.36303  38.093356   4.566511        38.7965171  33.526845
31  18.65835  20.984709   3.986329        14.6720222  16.998380
32  81.10075  65.766763 353.184294       272.0835455 287.417531
33 115.51497 105.357984 354.014329       238.4993599 248.656345
34  32.97236  38.447831   6.107796        26.8645591  32.340035
[1] 81.97228
[1] 67.56455

Call:
lm(formula = norm_effort ~ Simple_UC + Average_UC + Complex_UC - 
    1, data = useCaseData)

Residuals:
    Min      1Q  Median      3Q     Max 
-164.89  -37.72  -16.92   28.60  287.42 

Coefficients:
           Estimate Std. Error t value Pr(>|t|)  
Simple_UC     3.522      1.716   2.053   0.0486 *
Average_UC   13.942      5.927   2.352   0.0252 *
Complex_UC   -3.731      7.731  -0.483   0.6327  
---
Signif. codes:  0 '***' 0.001 '**' 0.01 '*' 0.05 '.' 0.1 ' ' 1

Residual standard error: 99.87 on 31 degrees of freedom
Multiple R-squared:  0.4599,	Adjusted R-squared:  0.4076 
F-statistic: 8.798 on 3 and 31 DF,  p-value: 0.0002279

[1] "bayesian testing set predication"
            Simple_UC Average_UC Complex_UC
Simple_UC  0.43468906 0.08878189 0.06064545
Average_UC 0.08878189 0.04781295 0.02366883
Complex_UC 0.06064545 0.02366883 0.02262322
                [,1]
Simple_UC  2.5493070
Average_UC 0.8675467
Complex_UC 0.4234833
   predicted    actual
20  104.2995 190.20561
11   61.9109  13.56658
14  200.5352  82.96573
13  172.5186 142.76224
23  121.1224 163.79142
19  138.8506  28.67744
1   127.6570  13.32776
[1] 2.617321
[1] 0.0000000 0.1428571 0.4285714
[1] "apriori testing set predication"
   predicted    actual
20   106.000 190.20561
11    66.420  13.56658
14   219.090  82.96573
13   178.056 142.76224
23   144.164 163.79142
19   142.784  28.67744
1    139.914  13.32776
[1] 2.831893
[1] 0.1428571 0.2857143 0.4285714
[1] "regression testing set predication"
    predicted    actual
20  44.818665 190.20561
11  51.487894  13.56658
14  90.031431  82.96573
13 131.098105 142.76224
23 113.643559 163.79142
19  -9.431435  28.67744
1  100.460134  13.32776
[1] 1.699878
[1] 0.2857143 0.2857143 0.4285714
[1] "bayesian testing set predication"
            Simple_UC Average_UC Complex_UC
Simple_UC  0.61760893 0.14364804 0.08851825
Average_UC 0.14364804 0.09457476 0.05093682
Complex_UC 0.08851825 0.05093682 0.05186859
                [,1]
Simple_UC  4.8192048
Average_UC 1.5601578
Complex_UC 0.8795457
   predicted     actual
28  87.21637  10.569022
8  300.55736  12.580354
32  81.38361 353.184294
27  19.57450   2.018456
2   68.60728  66.413473
5   39.34207  22.650936
26  33.32724 108.867462
[1] 5.867744
[1] 0.1428571 0.1428571 0.1428571
[1] "apriori testing set predication"
   predicted     actual
28   101.772  10.569022
8    330.750  12.580354
32    83.374 353.184294
27    21.196   2.018456
2     73.476  66.413473
5     40.972  22.650936
26    33.916 108.867462
[1] 6.541278
[1] 0.1428571 0.1428571 0.1428571
[1] "regression testing set predication"
   predicted     actual
28 110.99334  10.569022
8  242.92968  12.580354
32  42.65617 353.184294
27  20.11345   2.018456
2   68.12121  66.413473
5   35.67517  22.650936
26  14.35451 108.867462
[1] 5.589265
[1] 0.1428571 0.1428571 0.1428571
[1] "bayesian testing set predication"
            Simple_UC Average_UC Complex_UC
Simple_UC  0.42089237 0.10071901 0.07273618
Average_UC 0.10071901 0.05874477 0.03555352
Complex_UC 0.07273618 0.03555352 0.03574519
                [,1]
Simple_UC  2.7976769
Average_UC 1.0952546
Complex_UC 0.6119349
   predicted     actual
7  102.53997  52.796374
16  56.41909 144.716589
25 128.60942  40.517470
6   70.95903  24.181038
31  19.13314   3.986329
22  89.55177  74.627033
[1] 1.61011
[1] 0.0000000 0.1666667 0.1666667
[1] "apriori testing set predication"
   predicted     actual
7    107.374  52.796374
16    62.186 144.716589
25   158.312  40.517470
6     77.728  24.181038
31    21.196   3.986329
22   103.166  74.627033
[1] 1.904216
[1] 0.0000000 0.0000000 0.1666667
[1] "regression testing set predication"
   predicted     actual
7  147.49601  52.796374
16  45.08265 144.716589
25 112.96153  40.517470
6   65.03253  24.181038
31  23.98422   3.986329
22 100.19304  74.627033
[1] 1.886455
[1] 0.0000000 0.0000000 0.1666667
[1] "bayesian testing set predication"
            Simple_UC Average_UC Complex_UC
Simple_UC  0.55041028 0.10813370 0.07436221
Average_UC 0.10813370 0.05823417 0.03095720
Complex_UC 0.07436221 0.03095720 0.03247258
                [,1]
Simple_UC  2.8489159
Average_UC 1.0810445
Complex_UC 0.6039783
   predicted     actual
30  43.47366   4.566511
3  196.30444  10.749764
10  85.85702  25.684768
29  18.48705   4.145489
12  46.97398 148.210227
4  104.66489  49.093216
24 149.08829 314.880132
[1] 4.846458
[1] 0 0 0
[1] "apriori testing set predication"
   predicted     actual
30    43.804   4.566511
3    207.756  10.749764
10    91.896  25.684768
29    21.196   4.145489
12    52.280 148.210227
4    107.402  49.093216
24   173.838 314.880132
[1] 5.127539
[1] 0.0000000 0.0000000 0.1428571
[1] "regression testing set predication"
   predicted     actual
30  42.52539   4.566511
3  139.99818  10.749764
10  15.58271  25.684768
29  19.30965   4.145489
12  53.04289 148.210227
4   86.74842  49.093216
24 112.15867 314.880132
[1] 3.77715
[1] 0.0000000 0.0000000 0.1428571
[1] "bayesian testing set predication"
            Simple_UC Average_UC Complex_UC
Simple_UC  0.43824414 0.08627968 0.05028064
Average_UC 0.08627968 0.06338193 0.03186801
Complex_UC 0.05028064 0.03186801 0.03009756
                [,1]
Simple_UC  1.9345694
Average_UC 1.0829551
Complex_UC 0.4878699
   predicted     actual
17 345.52403 209.844657
21  57.36525  83.026620
34  32.90753   6.107796
15 155.86715  63.277515
9   68.57729  24.226090
33 114.73049 354.014329
18  98.44435  48.991765
[1] 1.474673
[1] 0.0000000 0.0000000 0.1428571
[1] "apriori testing set predication"
   predicted     actual
17   388.704 209.844657
21    72.082  83.026620
34    36.738   6.107796
15   178.072  63.277515
9     70.636  24.226090
33   144.164 354.014329
18   111.680  48.991765
[1] 1.657326
[1] 0.1428571 0.1428571 0.1428571
[1] "regression testing set predication"
   predicted     actual
17 151.83798 209.844657
21  34.31160  83.026620
34  39.40345   6.107796
15 119.42015  63.277515
9  107.44517  24.226090
33  68.62320 354.014329
18  10.58723  48.991765
[1] 1.746701
[1] 0.0000000 0.0000000 0.1428571
[1] "n fold cross validation results"
     bayesian_mmre bayesian_pred15 bayesian_pred25 bayesian_pred50 apriori_mmre
[1,]      2.617321       0.0000000       0.1428571       0.4285714     2.831893
[2,]      5.867744       0.1428571       0.1428571       0.1428571     6.541278
[3,]      1.610110       0.0000000       0.1666667       0.1666667     1.904216
[4,]      4.846458       0.0000000       0.0000000       0.0000000     5.127539
[5,]      1.474673       0.0000000       0.0000000       0.1428571     1.657326
     apriori_pred15 apriori_pred25 apriori_pred50 regression_mmre
[1,]      0.1428571      0.2857143      0.4285714        1.699878
[2,]      0.1428571      0.1428571      0.1428571        5.589265
[3,]      0.0000000      0.0000000      0.1666667        1.886455
[4,]      0.0000000      0.0000000      0.1428571        3.777150
[5,]      0.1428571      0.1428571      0.1428571        1.746701
     regression_pred15 regression_pred25 regression_pred50
[1,]         0.2857143         0.2857143         0.4285714
[2,]         0.1428571         0.1428571         0.1428571
[3,]         0.0000000         0.0000000         0.1666667
[4,]         0.0000000         0.0000000         0.1428571
[5,]         0.0000000         0.0000000         0.1428571
    bayesian_mmre   bayesian_pred15   bayesian_pred25   bayesian_pred50 
       3.28326114        0.02857143        0.09047619        0.17619048 
     apriori_mmre    apriori_pred15    apriori_pred25    apriori_pred50 
       3.61245042        0.08571429        0.11428571        0.20476190 
  regression_mmre regression_pred15 regression_pred25 regression_pred50 
       2.93988963        0.08571429        0.08571429        0.20476190 
