[1] "correlation matrix:"
                Effort_Norm_UCP  UAW  TCF    EF UEUCW_ALY UEXUCW_ALY UDUCW_ALY
Effort_Norm_UCP            1.00 0.13 0.29 -0.08      0.54       0.58      0.65
UAW                        0.13 1.00 0.06  0.24      0.15       0.44      0.46
TCF                        0.29 0.06 1.00  0.77      0.56       0.18      0.23
EF                        -0.08 0.24 0.77  1.00      0.51       0.19      0.20
UEUCW_ALY                  0.54 0.15 0.56  0.51      1.00       0.70      0.69
UEXUCW_ALY                 0.58 0.44 0.18  0.19      0.70       1.00      0.98
UDUCW_ALY                  0.65 0.46 0.23  0.20      0.69       0.98      1.00
   Effort_Norm_UCP  variable   value
1           464.25  EUCP_ALY   77.92
2          1141.90  EUCP_ALY  381.19
3          2529.00  EUCP_ALY  701.61
4           393.63  EUCP_ALY  113.05
5           240.63  EUCP_ALY  115.68
6           194.09  EUCP_ALY  118.17
7          2447.93  EUCP_ALY  425.89
8           681.71  EUCP_ALY  132.10
9           652.02  EUCP_ALY  146.68
10          294.61  EUCP_ALY  148.18
11          572.18  EUCP_ALY  155.32
12          681.05  EUCP_ALY  186.70
13          549.82  EUCP_ALY  227.15
14         2045.26  EUCP_ALY  542.53
15          931.84  EUCP_ALY  272.40
16         1645.54  EUCP_ALY  301.03
17          579.54  EUCP_ALY  304.47
18         3216.99  EUCP_ALY  707.87
19          787.06  EUCP_ALY  251.10
20         3264.97  EUCP_ALY 1067.00
21          464.25 EXUCP_ALY   61.57
22         1141.90 EXUCP_ALY  463.63
23         2529.00 EXUCP_ALY  777.98
24          393.63 EXUCP_ALY  158.62
25          240.63 EXUCP_ALY   97.28
26          194.09 EXUCP_ALY  107.86
27         2447.93 EXUCP_ALY  568.39
28          681.71 EXUCP_ALY  186.10
29          652.02 EXUCP_ALY  126.38
30          294.61 EXUCP_ALY  126.09
31          572.18 EXUCP_ALY  293.67
32          681.05 EXUCP_ALY  181.21
33          549.82 EXUCP_ALY  169.68
34         2045.26 EXUCP_ALY  577.69
35          931.84 EXUCP_ALY   85.13
36         1645.54 EXUCP_ALY  363.68
37          579.54 EXUCP_ALY  220.31
38         3216.99 EXUCP_ALY  814.17
39          787.06 EXUCP_ALY  169.27
40         3264.97 EXUCP_ALY 1061.06
41          464.25  DUCP_ALY   50.99
42         1141.90  DUCP_ALY  455.59
43         2529.00  DUCP_ALY  670.89
44          393.63  DUCP_ALY  182.29
45          240.63  DUCP_ALY   89.39
46          194.09  DUCP_ALY  100.35
47         2447.93  DUCP_ALY  607.73
48          681.71  DUCP_ALY  192.75
49          652.02  DUCP_ALY  110.70
50          294.61  DUCP_ALY  101.24
51          572.18  DUCP_ALY  288.32
52          681.05  DUCP_ALY  153.75
53          549.82  DUCP_ALY  134.10
54         2045.26  DUCP_ALY  648.69
55          931.84  DUCP_ALY   96.48
56         1645.54  DUCP_ALY  336.53
57          579.54  DUCP_ALY  191.43
58         3216.99  DUCP_ALY  788.63
59          787.06  DUCP_ALY  149.26
60         3264.97  DUCP_ALY 1173.84
[1] "correlation between effort and EUCP_ALY"
[1] "linear regression of effort on EUCP_ALY"
[1] 0.8628691
            Estimate  Std. Error    t value     Pr(>|t|)
(Intercept) 21.85848 136.7607291  0.1598301 8.747948e-01
EUCP_ALY     3.58794   0.3371353 10.6424350 3.397265e-09
[1] "correlation between effort and EXUCP"
[1] "linear regression of effort on EXUCP_ALY"
[1] 0.9054097
             Estimate  Std. Error    t value    Pr(>|t|)
(Intercept) 75.587108 108.7671381  0.6949444 4.95964e-01
EXUCP_ALY    3.298493   0.2512928 13.1260930 1.17552e-10
[1] "correlation between effort and DUCP"
[1] "linear regression of effort on DUCP_ALY"
[1] 0.8868296
  [1] -100.000000  -86.122828  -72.245657  -58.368485  -44.491313  -30.614141
  [7]  -16.736970   -2.859798   11.017374   24.894545   38.771717   52.648889
 [13]   66.526061   80.403232   94.280404  108.157576  122.034747  135.911919
 [19]  149.789091  163.666263  177.543434  191.420606  205.297778  219.174949
 [25]  233.052121  246.929293  260.806465  274.683636  288.560808  302.437980
 [31]  316.315152  330.192323  344.069495  357.946667  371.823838  385.701010
 [37]  399.578182  413.455354  427.332525  441.209697  455.086869  468.964040
 [43]  482.841212  496.718384  510.595556  524.472727  538.349899  552.227071
 [49]  566.104242  579.981414  593.858586  607.735758  621.612929  635.490101
 [55]  649.367273  663.244444  677.121616  690.998788  704.875960  718.753131
 [61]  732.630303  746.507475  760.384646  774.261818  788.138990  802.016162
 [67]  815.893333  829.770505  843.647677  857.524848  871.402020  885.279192
 [73]  899.156364  913.033535  926.910707  940.787879  954.665051  968.542222
 [79]  982.419394  996.296566 1010.173737 1024.050909 1037.928081 1051.805253
 [85] 1065.682424 1079.559596 1093.436768 1107.313939 1121.191111 1135.068283
 [91] 1148.945455 1162.822626 1176.699798 1190.576970 1204.454141 1218.331313
 [97] 1232.208485 1246.085657 1259.962828 1273.840000
           fit         lwr       upr
1   -152.54698 -436.149606  131.0557
2   -109.61923 -387.011491  167.7730
3    -66.69148 -337.943788  204.5608
4    -23.76373 -288.951388  241.4239
5     19.16403 -240.039577  278.3676
6     62.09178 -191.214065  315.3976
7    105.01953 -142.481023  352.5201
8    147.94728  -93.847111  389.7417
9    190.87503  -45.319513  427.0696
10   233.80278    3.094028  464.5115
11   276.73053   51.385184  502.0759
12   319.65828   99.545006  539.7716
13   362.58603  147.563909  577.6081
14   405.51378  195.431646  615.5959
15   448.44153  243.137306  653.7458
16   491.36928  290.669313  692.0692
17   534.29703  338.015445  730.5786
18   577.22478  385.162875  769.2867
19   620.15253  432.098226  808.2068
20   663.08028  478.807660  847.3529
21   706.00803  525.276997  886.7391
22   748.93578  571.491857  926.3797
23   791.86353  617.437855  966.2892
24   834.79128  663.100810 1006.4818
25   877.71903  708.466999 1046.9711
26   920.64678  753.523432 1087.7701
27   963.57454  798.258141 1128.8909
28  1006.50229  842.660484 1170.3441
29  1049.43004  886.721422 1212.1387
30  1092.35779  930.433788 1254.2818
31  1135.28554  973.792501 1296.7786
32  1178.21329 1016.794729 1339.6318
33  1221.14104 1059.439979 1382.8421
34  1264.06879 1101.730115 1426.4075
35  1306.99654 1143.669295 1470.3238
36  1349.92429 1185.263841 1514.5847
37  1392.85204 1226.522039 1559.1820
38  1435.77979 1267.453897 1604.1057
39  1478.70754 1308.070867 1649.3442
40  1521.63529 1348.385548 1694.8850
41  1564.56304 1388.411392 1740.7147
42  1607.49079 1428.162420 1786.8192
43  1650.41854 1467.652961 1833.1841
44  1693.34629 1506.897423 1879.7952
45  1736.27404 1545.910087 1926.6380
46  1779.20179 1584.704952 1973.6986
47  1822.12954 1623.295597 2020.9635
48  1865.05729 1661.695090 2068.4195
49  1907.98505 1699.915909 2116.0542
50  1950.91280 1737.969903 2163.8557
51  1993.84055 1775.868261 2211.8128
52  2036.76830 1813.621508 2259.9151
53  2079.69605 1851.239502 2308.1526
54  2122.62380 1888.731456 2356.5161
55  2165.55155 1926.105953 2404.9971
56  2208.47930 1963.370976 2453.5876
57  2251.40705 2000.533938 2502.2802
58  2294.33480 2037.601715 2551.0679
59  2337.26255 2074.580676 2599.9444
60  2380.19030 2111.476720 2648.9039
61  2423.11805 2148.295307 2697.9408
62  2466.04580 2185.041489 2747.0501
63  2508.97355 2221.719939 2796.2272
64  2551.90130 2258.334983 2845.4676
65  2594.82905 2294.890625 2894.7675
66  2637.75680 2331.390571 2944.1230
67  2680.68455 2367.838254 2993.5309
68  2723.61230 2404.236855 3042.9878
69  2766.54005 2440.589325 3092.4908
70  2809.46780 2476.898398 3142.0372
71  2852.39556 2513.166615 3191.6245
72  2895.32331 2549.396336 3241.2503
73  2938.25106 2585.589755 3290.9124
74  2981.17881 2621.748911 3340.6087
75  3024.10656 2657.875704 3390.3374
76  3067.03431 2693.971904 3440.0967
77  3109.96206 2730.039162 3489.8850
78  3152.88981 2766.079018 3539.7006
79  3195.81756 2802.092909 3589.5422
80  3238.74531 2838.082181 3639.4084
81  3281.67306 2874.048089 3689.2980
82  3324.60081 2909.991811 3739.2098
83  3367.52856 2945.914449 3789.1427
84  3410.45631 2981.817038 3839.0956
85  3453.38406 3017.700547 3889.0676
86  3496.31181 3053.565886 3939.0577
87  3539.23956 3089.413912 3989.0652
88  3582.16731 3125.245429 4039.0892
89  3625.09506 3161.061195 4089.1289
90  3668.02281 3196.861923 4139.1837
91  3710.95056 3232.648285 4189.2528
92  3753.87831 3268.420915 4239.3357
93  3796.80607 3304.180412 4289.4317
94  3839.73382 3339.927340 4339.5403
95  3882.66157 3375.662234 4389.6609
96  3925.58932 3411.385599 4439.7930
97  3968.51707 3447.097912 4489.9362
98  4011.44482 3482.799626 4540.0900
99  4054.37257 3518.491170 4590.2540
100 4097.30032 3554.172951 4640.4277
              Estimate  Std. Error   t value     Pr(>|t|)
(Intercept) 156.793798 114.5361069  1.368946 1.878580e-01
DUCP_ALY      3.093408   0.2604638 11.876538 5.959627e-10
[1] "eucp testing set predication"
   predicted actual
11  563.8388 572.18
1   283.3685 464.25
[1] 0.2020994
[1] 0.5 0.5 1.0
[1] "exucp testing set predication"
   predicted actual
11  1059.169 572.18
1    289.262 464.25
[1] 0.614019
[1] 0.0 0.0 0.5
[1] "ducp testing set predication"
   predicted actual
11  1066.257 572.18
1    329.594 464.25
[1] 0.576775
[1] 0.0 0.0 0.5
[1] "eucp testing set predication"
   predicted  actual
9   542.6306  652.02
18 2427.5782 3216.99
[1] 0.2065791
[1] 0 1 1
[1] "exucp testing set predication"
   predicted  actual
9   487.2988  652.02
18 2650.0551 3216.99
[1] 0.2144318
[1] 0.0 0.5 1.0
[1] "ducp testing set predication"
   predicted  actual
9   492.4401  652.02
18 2467.9834 3216.99
[1] 0.2387877
[1] 0 1 1
[1] "eucp testing set predication"
   predicted actual
5   477.2707 240.63
13  870.3584 549.82
[1] 0.7832046
[1] 0 0 0
[1] "exucp testing set predication"
   predicted actual
5   419.4545 240.63
13  655.5450 549.82
[1] 0.4677207
[1] 0.0 0.5 0.5
[1] "ducp testing set predication"
   predicted actual
5   453.9718 240.63
13  590.7780 549.82
[1] 0.4805451
[1] 0.5 0.5 0.5
[1] "eucp testing set predication"
   predicted  actual
2   1515.914 1141.90
20  4487.938 3264.97
[1] 0.3510547
[1] 0 0 1
[1] "exucp testing set predication"
   predicted  actual
2   1708.671 1141.90
20  3879.941 3264.97
[1] 0.3423474
[1] 0.0 0.5 1.0
[1] "ducp testing set predication"
   predicted  actual
2   1724.869 1141.90
20  4361.594 3264.97
[1] 0.4232007
[1] 0.0 0.0 0.5
[1] "eucp testing set predication"
   predicted  actual
3   2541.364 2529.00
12   692.585  681.05
[1] 0.01091307
[1] 1 1 1
[1] "exucp testing set predication"
   predicted  actual
3  2666.1280 2529.00
12  673.8368  681.05
[1] 0.03240674
[1] 1 1 1
[1] "ducp testing set predication"
   predicted  actual
3   2191.257 2529.00
12   623.172  681.05
[1] 0.1092658
[1] 1 1 1
[1] "eucp testing set predication"
   predicted actual
10  584.2624 294.61
19  948.5969 787.06
[1] 0.5942066
[1] 0.0 0.5 0.5
[1] "exucp testing set predication"
   predicted actual
10  496.4089 294.61
19  638.3604 787.06
[1] 0.43695
[1] 0.0 0.5 0.5
[1] "ducp testing set predication"
   predicted actual
10  471.8151 294.61
19  620.0758 787.06
[1] 0.4068262
[1] 0.0 0.5 0.5
[1] "eucp testing set predication"
   predicted actual
4   462.9404 393.63
17 1146.3390 579.54
[1] 0.5770477
[1] 0.0 0.5 0.5
[1] "exucp testing set predication"
   predicted actual
4   630.7921 393.63
17  831.5703 579.54
[1] 0.5186899
[1] 0.0 0.0 0.5
[1] "ducp testing set predication"
   predicted actual
4   755.5565 393.63
17  783.4125 579.54
[1] 0.635621
[1] 0.0 0.0 0.5
[1] "eucp testing set predication"
   predicted  actual
14  1887.577 2045.26
7   1481.938 2447.93
[1] 0.2358564
[1] 0.5 0.5 1.0
[1] "exucp testing set predication"
   predicted  actual
14  1921.287 2045.26
7   1891.581 2447.93
[1] 0.143944
[1] 0.5 1.0 1.0
[1] "ducp testing set predication"
   predicted  actual
14  2126.901 2045.26
7   2002.527 2447.93
[1] 0.1109339
[1] 0.5 1.0 1.0
[1] "eucp testing set predication"
   predicted  actual
8   446.7569  681.71
16 1060.1527 1645.54
[1] 0.3501972
[1] 0 0 1
[1] "exucp testing set predication"
   predicted  actual
8   670.3825  681.71
16 1254.8408 1645.54
[1] 0.1270227
[1] 0.5 1.0 1.0
[1] "ducp testing set predication"
   predicted  actual
8   733.0824  681.71
16 1176.8842 1645.54
[1] 0.1800809
[1] 0.5 0.5 1.0
[1] "eucp testing set predication"
   predicted actual
6   473.8302 194.09
15 1019.8194 931.84
[1] 0.767853
[1] 0.5 0.5 0.5
[1] "exucp testing set predication"
   predicted actual
6   395.8045 194.09
15  319.2966 931.84
[1] 0.8483157
[1] 0 0 0
[1] "ducp testing set predication"
   predicted actual
6   447.7323 194.09
15  435.6348 931.84
[1] 0.9196645
[1] 0 0 0
[1] "10 cross validation results"
       eucp_mmre eucp_pred15 eucp_pred25 eucp_pred50 exucp_mmre exucp_pred15
 [1,] 0.20209945         0.5         0.5         1.0 0.61401902          0.0
 [2,] 0.20657913         0.0         1.0         1.0 0.21443177          0.0
 [3,] 0.78320457         0.0         0.0         0.0 0.46772071          0.0
 [4,] 0.35105471         0.0         0.0         1.0 0.34234740          0.0
 [5,] 0.01091307         1.0         1.0         1.0 0.03240674          1.0
 [6,] 0.59420657         0.0         0.5         0.5 0.43695005          0.0
 [7,] 0.57704770         0.0         0.5         0.5 0.51868992          0.0
 [8,] 0.23585639         0.5         0.5         1.0 0.14394399          0.5
 [9,] 0.35019720         0.0         0.0         1.0 0.12702269          0.5
[10,] 0.76785297         0.5         0.5         0.5 0.84831572          0.0
      exucp_pred25 exucp_pred50 ducp_mmre ducp_pred15 ducp_pred25 ducp_pred50
 [1,]          0.0          0.5 0.5767750         0.0         0.0         0.5
 [2,]          0.5          1.0 0.2387877         0.0         1.0         1.0
 [3,]          0.5          0.5 0.4805451         0.5         0.5         0.5
 [4,]          0.5          1.0 0.4232007         0.0         0.0         0.5
 [5,]          1.0          1.0 0.1092658         1.0         1.0         1.0
 [6,]          0.5          0.5 0.4068262         0.0         0.5         0.5
 [7,]          0.0          0.5 0.6356210         0.0         0.0         0.5
 [8,]          1.0          1.0 0.1109339         0.5         1.0         1.0
 [9,]          1.0          1.0 0.1800809         0.5         0.5         1.0
[10,]          0.0          0.0 0.9196645         0.0         0.0         0.0
   eucp_mmre  eucp_pred15  eucp_pred25  eucp_pred50   exucp_mmre exucp_pred15 
   0.4079012    0.2500000    0.4500000    0.7500000    0.3745848    0.2000000 
exucp_pred25 exucp_pred50    ducp_mmre  ducp_pred15  ducp_pred25  ducp_pred50 
   0.5000000    0.7000000    0.4081701    0.2500000    0.4500000    0.6500000 
