[1] "apriori means"
     Simple_UC Average_UC Complex_UC
[1,]     5.654      9.888      14.14
[1] "apriori variance"
     Simple_UC Average_UC Complex_UC
[1,]   0.83708    0.06272    0.41315
[1] "normalized effort"
 [1]  13.327759  66.413473  10.749764  49.093216  22.650936  24.181038
 [7]  52.796374  12.580354  24.226090  25.684768  13.566579 148.210227
[13] 142.762243  82.965730  63.277515 144.716589 209.844657  48.991765
[19]  28.677437 190.205614  83.026620  74.627033 163.791423 314.880132
[25]  40.517470 108.867462   2.018456  10.569022   4.145489   4.566511
[31]   3.986329 353.184294 354.014329   6.107796
[1] "covariance matrix for apriori data"
            Simple_UC Average_UC Complex_UC
Simple_UC   1.0000000 -0.4374763  0.4966150
Average_UC -0.4374763  1.0000000  0.2956991
Complex_UC  0.4966150  0.2956991  1.0000000
[1] "variance-covariance matrix for apriori data"
           Simple_UC Average_UC Complex_UC
Simple_UC    0.83708   -0.10024    0.29205
Average_UC  -0.10024    0.06272    0.04760
Complex_UC   0.29205    0.04760    0.41315
[1] "weighted apriori calibrated parameters"
                [,1]
Simple_UC   47.18395
Average_UC 254.66978
Complex_UC -28.46994
[1] "residual variance"
[1] 6409.426
           Simple_UC Average_UC Complex_UC
Simple_UC  0.7348552  0.1621050 0.17177826
Average_UC 0.1621050  0.1026613 0.07020910
Complex_UC 0.1717783  0.0702091 0.08284673
           Simple_UC Average_UC Complex_UC
Simple_UC   2.685635  -1.028544  -4.696871
Average_UC -1.028544  23.562404 -17.835507
Complex_UC -4.696871 -17.835507  36.924029
[1] "regression calibrated parameters"
 Simple_UC Average_UC Complex_UC 
  3.754547   7.929670   9.380892 
[1] "weighted regression calibrated parameters"
               [,1]
Simple_UC  5.655921
Average_UC 2.081325
Complex_UC 1.978861
[1] "bayesian averaged coefficients"
                [,1]
Simple_UC   4.328899
Average_UC  9.969056
Complex_UC 13.448947
[1] "bayesian variance"
             Simple_UC  Average_UC Complex_UC
Simple_UC   0.50040605 -0.07179037 0.13892360
Average_UC -0.07179037  0.05965504 0.05866305
Complex_UC  0.13892360  0.05866305 0.33798401
    bayesian estimated     actual bayesian_residual  residual
1   65.46286  50.05989  13.327759          52.13510  36.73213
2  106.19646  82.38864  66.413473          39.78299  15.97516
3   65.46286  50.05989  10.749764          54.71310  39.31012
4  117.47677  90.73888  49.093216          68.38356  41.64567
5   78.91181  59.44078  22.650936          56.26087  36.78984
6   69.32951  55.69718  24.181038          45.14847  31.51615
7  101.39694  82.21009  52.796374          48.60057  29.41372
8   79.76082  61.74410  12.580354          67.18046  49.16375
9   95.37003  73.84890  24.226090          71.14394  49.62281
10  85.87159  62.34322  25.684768          60.18682  36.65846
11  60.67171  48.18809  13.566579          47.10513  34.62151
12 130.92572 100.11977 148.210227          17.28451  48.09045
13 170.80194 131.83845 142.762243          28.03970  10.92379
14 195.47245 152.25191  82.965730         112.50672  69.28617
15 155.97462 126.41255  63.277515          92.69710  63.13504
16 169.89418 132.21744 144.716589          25.17759  12.49915
17 345.42015 270.30326 209.844657         135.57550  60.45861
18 120.04054  94.26235  48.991765          71.04877  45.27058
19  69.79176  53.81443  28.677437          41.11432  25.13700
20 225.84187 174.15817 190.205614          35.63625  16.04745
21  57.58695  49.22969  83.026620          25.43967  33.79693
22 126.52970 100.74080  74.627033          51.90267  26.11376
23 182.41863 145.36383 163.791423          18.62721  18.42759
24 284.82393 216.04635 314.880132          30.05620  98.83378
25 121.20918 105.12731  40.517470          80.69171  64.60984
26  33.38706  25.24023 108.867462          75.48040  83.62723
27  18.62685  15.43876   2.018456          16.60840  13.42031
28  77.92019  67.58185  10.569022          67.35117  57.01282
29  18.62685  15.43876   4.145489          14.48137  11.29327
30  43.35611  33.16990   4.566511          38.78960  28.60339
31  18.62685  15.43876   3.986329          14.64053  11.45243
32  81.07207  62.16468 353.184294         272.11222 291.01961
33 115.17390  98.45937 354.014329         238.84043 255.55496
34  32.92481  27.12298   6.107796          26.81701  21.01518
[1] 62.98706
[1] 51.9729

Call:
lm(formula = norm_effort ~ Simple_UC + Average_UC + Complex_UC - 
    1, data = useCaseData)

Residuals:
   Min     1Q Median     3Q    Max 
-69.29 -41.06 -27.36  12.11 291.02 

Coefficients:
           Estimate Std. Error t value Pr(>|t|)  
Simple_UC     3.755      1.691   2.220   0.0338 *
Average_UC    7.930      5.009   1.583   0.1235  
Complex_UC    9.381      6.270   1.496   0.1447  
---
Signif. codes:  0 '***' 0.001 '**' 0.01 '*' 0.05 '.' 0.1 ' ' 1

Residual standard error: 82.61 on 31 degrees of freedom
Multiple R-squared:  0.6304,	Adjusted R-squared:  0.5947 
F-statistic: 17.63 on 3 and 31 DF,  p-value: 7.316e-07

[1] "bayesian testing set predication"
           Simple_UC Average_UC Complex_UC
Simple_UC  0.4664846 0.11779777 0.13998571
Average_UC 0.1177978 0.07517004 0.05526813
Complex_UC 0.1399857 0.05526813 0.06898431
               [,1]
Simple_UC  4.383116
Average_UC 1.666359
Complex_UC 1.651984
   predicted    actual
2  109.29241 66.413473
21  62.43632 83.026620
6   72.07606 24.181038
15 163.24476 63.277515
27  19.47789  2.018456
9   96.42054 24.226090
25 133.64843 40.517470
[1] 2.626087
[1] 0.0000000 0.1428571 0.1428571
[1] "apriori testing set predication"
   predicted    actual
2    115.896 66.413473
21    72.082 83.026620
6     77.728 24.181038
15   178.072 63.277515
27    21.196  2.018456
9     98.916 24.226090
25   158.312 40.517470
[1] 2.913834
[1] 0.1428571 0.1428571 0.1428571
[1] "regression testing set predication"
   predicted    actual
2   87.53466 66.413473
21  68.83722 83.026620
6   67.40042 24.181038
15 156.15149 63.277515
27  20.79825  2.018456
9   81.42421 24.226090
25 149.45456 40.517470
[1] 2.585383
[1] 0.0000000 0.1428571 0.2857143
[1] "bayesian testing set predication"
            Simple_UC Average_UC Complex_UC
Simple_UC  0.44550711 0.08671404 0.07614920
Average_UC 0.08671404 0.06874009 0.03910364
Complex_UC 0.07614920 0.03910364 0.04184776
               [,1]
Simple_UC  3.546074
Average_UC 1.412117
Complex_UC 1.192290
   predicted    actual
18 131.65267  48.99176
16 184.61117 144.71659
10  89.48176  25.68477
4  121.56839  49.09322
17 370.73973 209.84466
14 209.30168  82.96573
19  72.81543  28.67744
[1] 1.393091
[1] 0.0000000 0.0000000 0.1428571
[1] "apriori testing set predication"
   predicted    actual
18   139.950  48.99176
16   195.080 144.71659
10    91.896  25.68477
4    124.364  49.09322
17   388.704 209.84466
14   219.090  82.96573
19    74.906  28.67744
[1] 1.488681
[1] 0.0000000 0.0000000 0.1428571
[1] "regression testing set predication"
   predicted    actual
18 117.62300  48.99176
16 165.66051 144.71659
10  86.55533  25.68477
4  102.69490  49.09322
17 322.76293 209.84466
14 183.34208  82.96573
19  62.56941  28.67744
[1] 1.133876
[1] 0.1428571 0.1428571 0.1428571
[1] "bayesian testing set predication"
           Simple_UC Average_UC Complex_UC
Simple_UC  1.1347726 0.24097487 0.22963488
Average_UC 0.2409749 0.15077037 0.09561677
Complex_UC 0.2296349 0.09561677 0.09742086
               [,1]
Simple_UC  7.859972
Average_UC 2.561196
Complex_UC 2.106240
   predicted     actual
30  42.99478   4.566511
24 272.67435 314.880132
3   63.81688  10.749764
32  79.88461 353.184294
34  31.49903   6.107796
31  17.67843   3.986329
[1] 3.641937
[1] 0.1666667 0.1666667 0.1666667
[1] "apriori testing set predication"
   predicted     actual
30    43.804   4.566511
24   315.238 314.880132
3     69.252  10.749764
32    83.374 353.184294
34    36.738   6.107796
31    21.196   3.986329
[1] 4.021969
[1] 0.1666667 0.1666667 0.1666667
[1] "regression testing set predication"
   predicted     actual
30  25.50475   4.566511
24 156.45892 314.880132
3   38.19436  10.749764
32  48.29915 353.184294
34  28.84117   6.107796
31  16.76263   3.986329
[1] 2.571938
[1] 0 0 0
[1] "bayesian testing set predication"
           Simple_UC Average_UC Complex_UC
Simple_UC  0.5644278 0.12798387 0.13961877
Average_UC 0.1279839 0.07779147 0.05384522
Complex_UC 0.1396188 0.05384522 0.06710359
               [,1]
Simple_UC  4.651160
Average_UC 1.606998
Complex_UC 1.581858
   predicted    actual
1   66.22378  13.32776
11  61.87479  13.56658
28  83.06678  10.56902
8   80.78422  12.58035
22 130.56543  74.62703
26  33.46988 108.86746
12 132.44755 148.21023
[1] 3.051299
[1] 0.1428571 0.1428571 0.1428571
[1] "apriori testing set predication"
   predicted    actual
1     69.252  13.32776
11    66.420  13.56658
28   101.772  10.56902
8     84.794  12.58035
22   145.586  74.62703
26    33.916 108.86746
12   138.504 148.21023
[1] 3.452314
[1] 0.1428571 0.1428571 0.1428571
[1] "regression testing set predication"
   predicted    actual
1   48.09970  13.32776
11  49.12190  13.56658
28  81.30711  10.56902
8   60.29734  12.58035
22 105.79929  74.62703
26  23.37308 108.86746
12  96.19939 148.21023
[1] 2.467096
[1] 0.0000000 0.0000000 0.2857143
[1] "bayesian testing set predication"
           Simple_UC Average_UC Complex_UC
Simple_UC  0.7433718 0.16065544 0.18537167
Average_UC 0.1606554 0.08629732 0.07016894
Complex_UC 0.1853717 0.07016894 0.09048651
               [,1]
Simple_UC  4.542839
Average_UC 1.855968
Complex_UC 2.072385
   predicted     actual
13 168.22028 142.762243
23 167.06368 163.791423
7   98.79904  52.796374
33 100.84142 354.014329
20 217.19654 190.205614
5   77.24168  22.650936
29  17.39541   4.145489
[1] 1.076142
[1] 0.2857143 0.4285714 0.4285714
[1] "apriori testing set predication"
   predicted     actual
13   178.056 142.762243
23   214.864 163.791423
7    107.374  52.796374
33   144.164 354.014329
20   245.932 190.205614
5     83.392  22.650936
29    21.196   4.145489
[1] 1.324738
[1] 0.0000000 0.1428571 0.4285714
[1] "regression testing set predication"
    predicted     actual
13 141.802356 142.762243
23 105.802966 163.791423
7   62.807666  52.796374
33  25.375783 354.014329
20 178.669195 190.205614
5   71.867461  22.650936
29   8.491998   4.145489
[1] 0.6800959
[1] 0.2857143 0.4285714 0.5714286
[1] "n fold cross validation results"
     bayesian_mmre bayesian_pred15 bayesian_pred25 bayesian_pred50 apriori_mmre
[1,]      2.626087       0.0000000       0.1428571       0.1428571     2.913834
[2,]      1.393091       0.0000000       0.0000000       0.1428571     1.488681
[3,]      3.641937       0.1666667       0.1666667       0.1666667     4.021969
[4,]      3.051299       0.1428571       0.1428571       0.1428571     3.452314
[5,]      1.076142       0.2857143       0.4285714       0.4285714     1.324738
     apriori_pred15 apriori_pred25 apriori_pred50 regression_mmre
[1,]      0.1428571      0.1428571      0.1428571       2.5853827
[2,]      0.0000000      0.0000000      0.1428571       1.1338759
[3,]      0.1666667      0.1666667      0.1666667       2.5719385
[4,]      0.1428571      0.1428571      0.1428571       2.4670957
[5,]      0.0000000      0.1428571      0.4285714       0.6800959
     regression_pred15 regression_pred25 regression_pred50
[1,]         0.0000000         0.1428571         0.2857143
[2,]         0.1428571         0.1428571         0.1428571
[3,]         0.0000000         0.0000000         0.0000000
[4,]         0.0000000         0.0000000         0.2857143
[5,]         0.2857143         0.4285714         0.5714286
    bayesian_mmre   bayesian_pred15   bayesian_pred25   bayesian_pred50 
       2.35771105        0.11904762        0.17619048        0.20476190 
     apriori_mmre    apriori_pred15    apriori_pred25    apriori_pred50 
       2.64030713        0.09047619        0.11904762        0.20476190 
  regression_mmre regression_pred15 regression_pred25 regression_pred50 
       1.88767773        0.08571429        0.14285714        0.25714286 
