   Effort_Norm_UCP  variable   value
1           652.02  EUCP_ALY  146.68
2           681.71  EUCP_ALY  132.10
3           681.05  EUCP_ALY  186.70
4           393.63  EUCP_ALY  113.05
5           240.63  EUCP_ALY  115.68
6          1141.90  EUCP_ALY   81.19
7          2045.26  EUCP_ALY  242.53
8           579.54  EUCP_ALY  304.47
9          2529.00  EUCP_ALY  101.61
10          572.18  EUCP_ALY  155.32
11         2447.93  EUCP_ALY  125.89
12          549.82  EUCP_ALY  227.15
13          464.25  EUCP_ALY   77.92
14          294.61  EUCP_ALY  148.18
15          787.06  EUCP_ALY  651.10
16          931.84  EUCP_ALY  272.40
17         1645.54  EUCP_ALY  301.03
18         3264.97  EUCP_ALY 1067.00
19          194.09  EUCP_ALY  118.17
20         3216.99  EUCP_ALY  307.87
21          652.02 EXUCP_ALY  126.38
22          681.71 EXUCP_ALY  186.10
23          681.05 EXUCP_ALY  181.21
24          393.63 EXUCP_ALY  158.62
25          240.63 EXUCP_ALY   97.28
26         1141.90 EXUCP_ALY   63.63
27         2045.26 EXUCP_ALY  277.69
28          579.54 EXUCP_ALY  220.31
29         2529.00 EXUCP_ALY   77.98
30          572.18 EXUCP_ALY  293.67
31         2447.93 EXUCP_ALY  268.39
32          549.82 EXUCP_ALY  169.68
33          464.25 EXUCP_ALY   61.57
34          294.61 EXUCP_ALY  126.09
35          787.06 EXUCP_ALY   69.27
36          931.84 EXUCP_ALY   85.13
37         1645.54 EXUCP_ALY  163.68
38         3264.97 EXUCP_ALY 1061.06
39          194.09 EXUCP_ALY  107.86
40         3216.99 EXUCP_ALY  214.17
41          652.02  DUCP_ALY  110.70
42          681.71  DUCP_ALY  192.75
43          681.05  DUCP_ALY  153.75
44          393.63  DUCP_ALY  182.29
45          240.63  DUCP_ALY   89.39
46         1141.90  DUCP_ALY   55.59
47         2045.26  DUCP_ALY  248.69
48          579.54  DUCP_ALY  191.43
49         2529.00  DUCP_ALY   70.89
50          572.18  DUCP_ALY  288.32
51         2447.93  DUCP_ALY  307.73
52          549.82  DUCP_ALY  134.10
53          464.25  DUCP_ALY   50.99
54          294.61  DUCP_ALY  101.24
55          787.06  DUCP_ALY   49.26
56          931.84  DUCP_ALY   96.48
57         1645.54  DUCP_ALY  136.53
58         3264.97  DUCP_ALY 1173.84
59          194.09  DUCP_ALY  100.35
60         3216.99  DUCP_ALY  288.63
[1] "correlation between effort and EUCP_ALY"
[1] "linear regression of effort on EUCP_ALY"
[1] 0.2234163
              Estimate  Std. Error  t value   Pr(>|t|)
(Intercept) 674.945503 294.9727381 2.288162 0.03444282
EUCP_ALY      2.012926   0.8845622 2.275619 0.03532598
[1] "correlation between effort and EXUCP"
[1] "linear regression of effort on EXUCP_ALY"
[1] 0.3126486
              Estimate  Std. Error  t value   Pr(>|t|)
(Intercept) 647.567474 261.9852204 2.471771 0.02365380
EXUCP_ALY     2.584355   0.9031859 2.861377 0.01037455
[1] "correlation between effort and DUCP"
[1] "linear regression of effort on DUCP_ALY"
[1] 0.3599823
  [1] -100.000000  -86.122828  -72.245657  -58.368485  -44.491313  -30.614141
  [7]  -16.736970   -2.859798   11.017374   24.894545   38.771717   52.648889
 [13]   66.526061   80.403232   94.280404  108.157576  122.034747  135.911919
 [19]  149.789091  163.666263  177.543434  191.420606  205.297778  219.174949
 [25]  233.052121  246.929293  260.806465  274.683636  288.560808  302.437980
 [31]  316.315152  330.192323  344.069495  357.946667  371.823838  385.701010
 [37]  399.578182  413.455354  427.332525  441.209697  455.086869  468.964040
 [43]  482.841212  496.718384  510.595556  524.472727  538.349899  552.227071
 [49]  566.104242  579.981414  593.858586  607.735758  621.612929  635.490101
 [55]  649.367273  663.244444  677.121616  690.998788  704.875960  718.753131
 [61]  732.630303  746.507475  760.384646  774.261818  788.138990  802.016162
 [67]  815.893333  829.770505  843.647677  857.524848  871.402020  885.279192
 [73]  899.156364  913.033535  926.910707  940.787879  954.665051  968.542222
 [79]  982.419394  996.296566 1010.173737 1024.050909 1037.928081 1051.805253
 [85] 1065.682424 1079.559596 1093.436768 1107.313939 1121.191111 1135.068283
 [91] 1148.945455 1162.822626 1176.699798 1190.576970 1204.454141 1218.331313
 [97] 1232.208485 1246.085657 1259.962828 1273.840000
          fit         lwr      upr
1    426.5811 -194.303784 1047.466
2    460.6405 -142.728020 1064.009
3    494.6999  -91.491697 1080.891
4    528.7592  -40.625538 1098.144
5    562.8186    9.836706 1115.801
6    596.8780   59.858021 1133.898
7    630.9373  109.397921 1152.477
8    664.9967  158.412271 1171.581
9    699.0561  206.853163 1191.259
10   733.1154  254.668882 1211.562
11   767.1748  301.803985 1232.546
12   801.2342  348.199535 1254.269
13   835.2935  393.793534 1276.794
14   869.3529  438.521599 1300.184
15   903.4123  482.317907 1324.507
16   937.4716  525.116448 1349.827
17   971.5310  566.852575 1376.209
18  1005.5904  607.464827 1403.716
19  1039.6497  646.896946 1432.403
20  1073.7091  685.099980 1462.318
21  1107.7685  722.034318 1493.503
22  1141.8278  757.671475 1525.984
23  1175.8872  791.995455 1559.779
24  1209.9466  825.003552 1594.890
25  1244.0059  856.706479 1631.305
26  1278.0653  887.127839 1669.003
27  1312.1247  916.302966 1707.946
28  1346.1840  944.277292 1748.091
29  1380.2434  971.104392 1789.382
30  1414.3028  996.843887 1831.762
31  1448.3621 1021.559376 1875.165
32  1482.4215 1045.316523 1919.527
33  1516.4809 1068.181395 1964.780
34  1550.5402 1090.219082 2010.861
35  1584.5996 1111.492639 2057.707
36  1618.6590 1132.062296 2105.256
37  1652.7183 1151.984938 2153.452
38  1686.7777 1171.313797 2202.242
39  1720.8371 1190.098311 2251.576
40  1754.8964 1208.384121 2301.409
41  1788.9558 1226.213162 2351.698
42  1823.0152 1243.623817 2402.407
43  1857.0745 1260.651123 2453.498
44  1891.1339 1277.326990 2504.941
45  1925.1933 1293.680441 2556.706
46  1959.2526 1309.737841 2608.767
47  1993.3120 1325.523133 2661.101
48  2027.3714 1341.058053 2713.685
49  2061.4307 1356.362333 2766.499
50  2095.4901 1371.453898 2819.526
51  2129.5495 1386.349033 2872.750
52  2163.6088 1401.062549 2926.155
53  2197.6682 1415.607923 2979.729
54  2231.7276 1429.997433 3033.458
55  2265.7869 1444.242275 3087.332
56  2299.8463 1458.352667 3141.340
57  2333.9057 1472.337949 3195.473
58  2367.9650 1486.206665 3249.723
59  2402.0244 1499.966644 3304.082
60  2436.0838 1513.625062 3358.543
61  2470.1431 1527.188513 3413.098
62  2504.2025 1540.663056 3467.742
63  2538.2619 1554.054270 3522.469
64  2572.3212 1567.367296 3577.275
65  2606.3806 1580.606878 3632.154
66  2640.4400 1593.777400 3687.103
67  2674.4993 1606.882914 3742.116
68  2708.5587 1619.927174 3797.190
69  2742.6181 1632.913661 3852.323
70  2776.6774 1645.845604 3907.509
71  2810.7368 1658.726005 3962.748
72  2844.7962 1671.557653 4018.035
73  2878.8555 1684.343150 4073.368
74  2912.9149 1697.084916 4128.745
75  2946.9743 1709.785213 4184.163
76  2981.0336 1722.446152 4239.621
77  3015.0930 1735.069707 4295.116
78  3049.1524 1747.657725 4350.647
79  3083.2117 1760.211936 4406.212
80  3117.2711 1772.733962 4461.808
81  3151.3305 1785.225326 4517.436
82  3185.3898 1797.687458 4573.092
83  3219.4492 1810.121700 4628.777
84  3253.5086 1822.529318 4684.488
85  3287.5679 1834.911502 4740.224
86  3321.6273 1847.269375 4795.985
87  3355.6867 1859.603993 4851.769
88  3389.7460 1871.916355 4907.576
89  3423.8054 1884.207405 4963.403
90  3457.8648 1896.478034 5019.252
91  3491.9241 1908.729085 5075.119
92  3525.9835 1920.961356 5131.006
93  3560.0429 1933.175603 5186.910
94  3594.1022 1945.372542 5242.832
95  3628.1616 1957.552854 5298.770
96  3662.2210 1969.717182 5354.725
97  3696.2803 1981.866139 5410.695
98  3730.3397 1994.000307 5466.679
99  3764.3991 2006.120240 5522.678
100 3798.4584 2018.226463 5578.690
              Estimate  Std. Error  t value    Pr(>|t|)
(Intercept) 672.015644 239.6910218 2.803675 0.011743871
DUCP_ALY      2.454345   0.7713558 3.181859 0.005164309
[1] "eucp testing set predication"
   predicted  actual
20 1199.3241 3216.99
3   972.4962  681.05
[1] 0.5275636
[1] 0.0 0.0 0.5
[1] "exucp testing set predication"
   predicted  actual
20  1112.680 3216.99
3   1028.831  681.05
[1] 0.5823888
[1] 0 0 0
[1] "ducp testing set predication"
   predicted  actual
20  1284.209 3216.99
3    975.170  681.05
[1] 0.5163333
[1] 0.0 0.0 0.5
[1] "eucp testing set predication"
   predicted actual
8   1346.944 579.54
16  1280.639 931.84
[1] 0.8492364
[1] 0.0 0.0 0.5
[1] "exucp testing set predication"
   predicted actual
8  1249.0523 579.54
16  897.0405 931.84
[1] 0.5962963
[1] 0.5 0.5 0.5
[1] "ducp testing set predication"
   predicted actual
8   1171.905 579.54
16   939.419 931.84
[1] 0.5151314
[1] 0.5 0.5 0.5
[1] "eucp testing set predication"
   predicted  actual
1   972.6403  652.02
17 1275.5356 1645.54
[1] 0.3582934
[1] 0.0 0.5 1.0
[1] "exucp testing set predication"
   predicted  actual
1   960.2397  652.02
17 1056.5868 1645.54
[1] 0.4153119
[1] 0 0 1
[1] "ducp testing set predication"
   predicted  actual
1    922.852  652.02
17   986.664 1645.54
[1] 0.4078875
[1] 0 0 1
[1] "eucp testing set predication"
   predicted  actual
9   833.1479 2529.00
18 2129.9899 3264.97
[1] 0.5090929
[1] 0.0 0.0 0.5
[1] "exucp testing set predication"
   predicted  actual
9   544.1752 2529.00
18 5720.5384 3264.97
[1] 0.7684606
[1] 0 0 0
[1] "ducp testing set predication"
   predicted  actual
9    465.210 2529.00
18  7180.613 3264.97
[1] 1.00767
[1] 0 0 0
[1] "eucp testing set predication"
  predicted  actual
5  934.1380  240.63
6  866.1786 1141.90
[1] 1.561755
[1] 0.0 0.5 0.5
[1] "exucp testing set predication"
  predicted  actual
5  920.9639  240.63
6  835.0810 1141.90
[1] 1.547997
[1] 0.0 0.0 0.5
[1] "ducp testing set predication"
  predicted  actual
5  912.3781  240.63
6  830.3165 1141.90
[1] 1.532243
[1] 0.0 0.0 0.5
[1] "eucp testing set predication"
   predicted actual
14  1069.311 294.61
19  1014.037 194.09
[1] 3.427075
[1] 0 0 0
[1] "exucp testing set predication"
   predicted actual
14  1064.560 294.61
19  1020.223 194.09
[1] 3.434948
[1] 0 0 0
[1] "ducp testing set predication"
   predicted actual
14  1010.708 294.61
19  1008.645 194.09
[1] 3.313728
[1] 0 0 0
[1] "eucp testing set predication"
   predicted actual
10  1047.829 572.18
12  1188.759 549.82
[1] 0.9966906
[1] 0 0 0
[1] "exucp testing set predication"
   predicted actual
10  1489.996 572.18
12  1160.149 549.82
[1] 1.357061
[1] 0 0 0
[1] "ducp testing set predication"
   predicted actual
10  1452.890 572.18
12  1068.609 549.82
[1] 1.24139
[1] 0 0 0
[1] "eucp testing set predication"
   predicted  actual
2   850.2522  681.71
11  836.7252 2447.93
[1] 0.4527126
[1] 0.0 0.5 0.5
[1] "exucp testing set predication"
   predicted  actual
2   1092.944  681.71
11  1297.744 2447.93
[1] 0.5365497
[1] 0.0 0.0 0.5
[1] "ducp testing set predication"
   predicted  actual
2   1114.439  681.71
11  1384.653 2447.93
[1] 0.5345635
[1] 0.0 0.0 0.5
[1] "eucp testing set predication"
   predicted actual
15 2303.6342 787.06
4   936.4218 393.63
[1] 1.652912
[1] 0 0 0
[1] "exucp testing set predication"
   predicted actual
15  872.1853 787.06
4  1098.9596 393.63
[1] 0.9500077
[1] 0.5 0.5 0.5
[1] "ducp testing set predication"
   predicted actual
15   836.729 787.06
4   1160.621 393.63
[1] 1.005807
[1] 0.5 0.5 0.5
[1] "eucp testing set predication"
   predicted  actual
7  1135.1308 2045.26
13  812.7923  464.25
[1] 0.5978794
[1] 0.0 0.0 0.5
[1] "exucp testing set predication"
   predicted  actual
7   1337.911 2045.26
13   804.429  464.25
[1] 0.5392989
[1] 0.0 0.0 0.5
[1] "ducp testing set predication"
   predicted  actual
7  1255.3022 2045.26
13  785.1875  464.25
[1] 0.5387708
[1] 0.0 0.0 0.5
[1] "10 cross validation results"
      eucp_mmre eucp_pred15 eucp_pred25 eucp_pred50 exucp_mmre exucp_pred15
 [1,] 0.5275636           0         0.0         0.5  0.5823888          0.0
 [2,] 0.8492364           0         0.0         0.5  0.5962963          0.5
 [3,] 0.3582934           0         0.5         1.0  0.4153119          0.0
 [4,] 0.5090929           0         0.0         0.5  0.7684606          0.0
 [5,] 1.5617548           0         0.5         0.5  1.5479973          0.0
 [6,] 3.4270749           0         0.0         0.0  3.4349480          0.0
 [7,] 0.9966906           0         0.0         0.0  1.3570611          0.0
 [8,] 0.4527126           0         0.5         0.5  0.5365497          0.0
 [9,] 1.6529122           0         0.0         0.0  0.9500077          0.5
[10,] 0.5978794           0         0.0         0.5  0.5392989          0.0
      exucp_pred25 exucp_pred50 ducp_mmre ducp_pred15 ducp_pred25 ducp_pred50
 [1,]          0.0          0.0 0.5163333         0.0         0.0         0.5
 [2,]          0.5          0.5 0.5151314         0.5         0.5         0.5
 [3,]          0.0          1.0 0.4078875         0.0         0.0         1.0
 [4,]          0.0          0.0 1.0076695         0.0         0.0         0.0
 [5,]          0.0          0.5 1.5322432         0.0         0.0         0.5
 [6,]          0.0          0.0 3.3137284         0.0         0.0         0.0
 [7,]          0.0          0.0 1.2413898         0.0         0.0         0.0
 [8,]          0.0          0.5 0.5345635         0.0         0.0         0.5
 [9,]          0.5          0.5 1.0058073         0.5         0.5         0.5
[10,]          0.0          0.5 0.5387708         0.0         0.0         0.5
   eucp_mmre  eucp_pred15  eucp_pred25  eucp_pred50   exucp_mmre exucp_pred15 
    1.093321     0.000000     0.150000     0.400000     1.072832     0.100000 
exucp_pred25 exucp_pred50    ducp_mmre  ducp_pred15  ducp_pred25  ducp_pred50 
    0.100000     0.350000     1.061352     0.100000     0.100000     0.400000 
