[1] "apriori means"
     Simple_UC Average_UC Complex_UC
[1,]     5.292      8.938     14.486
[1] "apriori variance"
     Simple_UC Average_UC Complex_UC
[1,]   0.16112    1.20407    1.32028
[1] "normalized effort"
 [1]  20.302665 101.170084  16.375510  74.785500  34.505004  36.835863
 [7]  80.426657  19.164116  36.904494  39.126552  20.666468 225.774086
[13] 217.474972 126.384746  96.392965 220.452099 319.664079  74.630956
[19]  43.685394 289.747203 126.477502 113.682102 249.509494 479.668479
[25]  61.721752 110.218067   8.310163  16.100180  12.381236  34.801996
[31]   6.072522 148.888569 200.816869  35.926346
[1] "covariance matrix for apriori data"
           Simple_UC Average_UC Complex_UC
Simple_UC  1.0000000  0.4392740  0.4760422
Average_UC 0.4392740  1.0000000  0.8869427
Complex_UC 0.4760422  0.8869427  1.0000000
[1] "variance-covariance matrix for apriori data"
           Simple_UC Average_UC Complex_UC
Simple_UC    0.16112    0.19348    0.21956
Average_UC   0.19348    1.20407    1.11829
Complex_UC   0.21956    1.11829    1.32028
[1] "weighted apriori calibrated parameters"
                [,1]
Simple_UC   23.96071
Average_UC -13.67141
Complex_UC  18.56711
[1] "residual variance"
[1] 3254.492
           Simple_UC Average_UC Complex_UC
Simple_UC  1.4472303  0.3192510  0.3383016
Average_UC 0.3192510  0.2021821  0.1382704
Complex_UC 0.3383016  0.1382704  0.1631591
            Simple_UC Average_UC Complex_UC
Simple_UC   1.3636755 -0.5222605  -2.384914
Average_UC -0.5222605 11.9642016  -9.056275
Complex_UC -2.3849144 -9.0562748  18.748789
[1] "regression calibrated parameters"
 Simple_UC Average_UC Complex_UC 
  3.484860   6.057696  22.508848 
[1] "weighted regression calibrated parameters"
                [,1]
Simple_UC  14.592100
Average_UC  5.449610
Complex_UC  5.689057
[1] "bayesian averaged coefficients"
                [,1]
Simple_UC   5.216257
Average_UC  9.032353
Complex_UC 14.623760
[1] "bayesian variance"
            Simple_UC Average_UC Complex_UC
Simple_UC  0.10961848 0.03890602 0.05400828
Average_UC 0.03890602 0.64663790 0.52971859
Complex_UC 0.05400828 0.52971859 0.69659921
    bayesian estimated     actual bayesian_residual    residual
1   66.77709  70.16050  20.302665         46.474428  49.8578402
2  111.29823 112.66649 101.170084         10.128149  11.4964037
3   66.77709  70.16050  16.375510         50.401583  53.7849949
4  118.93043 117.81216  74.785500         44.144926  43.0266614
5   81.40085  92.66935  34.505004         46.895849  58.1643493
6   73.01836  61.59109  36.835863         36.182496  24.7552313
7   98.34011  65.88587  80.426657         17.913453  14.5407882
8   81.02570  79.70306  19.164116         61.861587  60.5389445
9   93.87415  88.33359  36.904494         56.969659  51.4291003
10  92.58367 125.57166  39.126552         53.457114  86.4451054
11  62.58585  54.62138  20.666468         41.919378  33.9549074
12 133.55419 140.32101 225.774086         92.219900  85.4530764
13 169.68360 164.55180 217.474972         47.791373  52.9231768
14 211.14817 217.61447 126.384746         84.763429  91.2297188
15 166.90175 137.12163  96.392965         70.508781  40.7286630
16 189.26737 202.92624 220.452099         31.184727  17.5258630
17 373.58396 377.18382 319.664079         53.919885  57.5197390
18 135.33873 141.39626  74.630956         60.707773  66.7653082
19  71.99335  73.64536  43.685394         28.307956  29.9599709
20 237.22022 247.84182 289.747203         52.526978  41.9053791
21  66.41118  44.39115 126.477502         60.066326  82.0863507
22 138.77968 131.00281 113.682102         25.097573  17.3207062
23 205.94115 201.32654 249.509494         43.568343  48.1829497
24 309.32325 359.63727 479.668479        170.345232 120.0312042
25 146.05519  97.57607  61.721752         84.333434  35.8543156
26  32.68847  34.62424 110.218067         77.529601  75.5938264
27  19.46487  13.02742   8.310163         11.154704   4.7172528
28  93.89262  62.72747  16.100180         77.792440  46.6272924
29  19.46487  13.02742  12.381236          7.083631   0.6461798
30  41.72082  40.68194  34.801996          6.918823   5.8799409
31  19.46487  13.02742   6.072522         13.392345   6.9548934
32  79.62554  78.79104 148.888569         69.263026  70.0975306
33 132.82235  88.78230 200.816869         67.994516 112.0345656
34  33.71348  22.56997  35.926346          2.212870  13.3563750
[1] 50.14801
[1] 47.39378

Call:
lm(formula = norm_effort ~ Simple_UC + Average_UC + Complex_UC - 
    1, data = useCaseData)

Residuals:
   Min     1Q Median     3Q    Max 
-91.23 -49.05 -14.41  35.81 120.03 

Coefficients:
           Estimate Std. Error t value Pr(>|t|)    
Simple_UC     3.485      1.208   2.884  0.00708 ** 
Average_UC    6.058      3.579   1.693  0.10056    
Complex_UC   22.509      4.480   5.024    2e-05 ***
---
Signif. codes:  0 '***' 0.001 '**' 0.01 '*' 0.05 '.' 0.1 ' ' 1

Residual standard error: 59.03 on 31 degrees of freedom
Multiple R-squared:  0.8646,	Adjusted R-squared:  0.8515 
F-statistic: 65.98 on 3 and 31 DF,  p-value: 1.474e-13

[1] "bayesian testing set predication"
           Simple_UC Average_UC Complex_UC
Simple_UC  1.2918569  0.2987924  0.3188413
Average_UC 0.2987924  0.1649179  0.1235267
Complex_UC 0.3188413  0.1235267  0.1565103
                [,1]
Simple_UC  14.070472
Average_UC  4.549762
Complex_UC  5.355205
   predicted    actual
26  32.33624 110.21807
32  78.86460 148.88857
13 168.31005 217.47497
22 139.07921 113.68210
6   72.98049  36.83586
28  95.22768  16.10018
18 135.80870  74.63096
[1] 1.191725
[1] 0.0000000 0.2857143 0.4285714
[1] "apriori testing set predication"
   predicted    actual
26    32.362 110.21807
32    78.954 148.88857
13   168.492 217.47497
22   139.068 113.68210
6     73.052  36.83586
28    95.256  16.10018
18   135.678  74.63096
[1] 1.19175
[1] 0.0000000 0.2857143 0.4285714
[1] "regression testing set predication"
   predicted    actual
26  26.12907 110.21807
32  58.49937 148.88857
13 126.63179 217.47497
22 136.72795 113.68210
6   56.45293  36.83586
28  86.69747  16.10018
18 157.15823  74.63096
[1] 1.144814
[1] 0.0000000 0.1428571 0.2857143
[1] "bayesian testing set predication"
           Simple_UC Average_UC Complex_UC
Simple_UC  1.0194366 0.20750128 0.20268267
Average_UC 0.2075013 0.15479776 0.09305935
Complex_UC 0.2026827 0.09305935 0.11323727
               [,1]
Simple_UC  9.710456
Average_UC 4.115341
Complex_UC 4.081389
   predicted    actual
17 384.06752 319.66408
3   69.07932  16.37551
1   69.07932  20.30266
2  114.79167 101.17008
23 210.79667 249.50949
5   84.13632  34.50500
8   83.83445  19.16412
[1] 1.560733
[1] 0.1428571 0.4285714 0.4285714
[1] "apriori testing set predication"
   predicted    actual
17   373.478 319.66408
3     66.370  16.37551
1     66.370  20.30266
2    110.962 101.17008
23   206.730 249.50949
5     80.856  34.50500
8     80.600  19.16412
[1] 1.47253
[1] 0.1428571 0.4285714 0.4285714
[1] "regression testing set predication"
   predicted    actual
17 398.65443 319.66408
3   78.03663  16.37551
1   78.03663  20.30266
2  122.50070 101.17008
23 204.43685 249.50949
5  101.79345  34.50500
8   89.26425  19.16412
[1] 1.836527
[1] 0.0000000 0.4285714 0.4285714
[1] "bayesian testing set predication"
           Simple_UC Average_UC Complex_UC
Simple_UC  1.0128803  0.2467549  0.2712687
Average_UC 0.2467549  0.1443893  0.1004799
Complex_UC 0.2712687  0.1004799  0.1274182
                [,1]
Simple_UC  11.306561
Average_UC  4.010843
Complex_UC  4.388460
   predicted    actual
20 237.86353 289.74720
9   93.93486  36.90449
30  41.68452  34.80200
25 147.92150  61.72175
34  33.89843  35.92635
19  72.14322  43.68539
[1] 0.6711062
[1] 0.1666667 0.5000000 0.5000000
[1] "apriori testing set predication"
   predicted    actual
20   236.410 289.74720
9     93.184  36.90449
30    41.300  34.80200
25   148.176  61.72175
34    33.752  35.92635
19    71.662  43.68539
[1] 0.6662404
[1] 0.1666667 0.5000000 0.5000000
[1] "regression testing set predication"
   predicted    actual
20 245.31006 289.74720
9   88.16336  36.90449
30  40.05503  34.80200
25 112.74628  61.72175
34  24.90995  35.92635
19  72.94502  43.68539
[1] 0.5827285
[1] 0.0000000 0.3333333 0.5000000
[1] "bayesian testing set predication"
           Simple_UC Average_UC Complex_UC
Simple_UC  1.6328478  0.3535169  0.3499595
Average_UC 0.3535169  0.2476842  0.1480769
Complex_UC 0.3499595  0.1480769  0.1485216
                [,1]
Simple_UC  14.227220
Average_UC  5.721406
Complex_UC  4.925624
   predicted     actual
11  58.69200  20.666468
29  18.27109  12.381236
24 292.03941 479.668479
12 125.14145 225.774086
27  18.27109   8.310163
14 199.15579 126.384746
33 126.04240 200.816869
[1] 0.7570491
[1] 0.0000000 0.0000000 0.5714286
[1] "apriori testing set predication"
   predicted     actual
11    62.468  20.666468
29    19.522  12.381236
24   308.486 479.668479
12   132.740 225.774086
27    19.522   8.310163
14   210.986 126.384746
33   134.300 200.816869
[1] 0.8168795
[1] 0.0000000 0.0000000 0.4285714
[1] "regression testing set predication"
   predicted     actual
11  54.35209  20.666468
29  14.34914  12.381236
24 306.52613 479.668479
12 131.31352 225.774086
27  14.34914   8.310163
14 193.93226 126.384746
33  86.25439 200.816869
[1] 0.6285565
[1] 0.0000000 0.1428571 0.4285714
[1] "bayesian testing set predication"
           Simple_UC Average_UC Complex_UC
Simple_UC  1.1939427  0.2466138  0.2818867
Average_UC 0.2466138  0.1526516  0.1194536
Complex_UC 0.2818867  0.1194536  0.1354597
                [,1]
Simple_UC  11.926809
Average_UC  4.580332
Complex_UC  4.914344
   predicted     actual
16 191.56766 220.452099
31  19.75898   6.072522
15 169.23710  96.392965
7  100.31246  80.426657
21  67.01664 126.477502
4  121.06680  74.785500
10  93.95855  39.126552
[1] 0.8397423
[1] 0.1428571 0.2857143 0.4285714
[1] "apriori testing set predication"
   predicted     actual
16   189.464 220.452099
31    19.522   6.072522
15   167.272  96.392965
7     97.964  80.426657
21    67.150 126.477502
4    118.254  74.785500
10    91.952  39.126552
[1] 0.8155969
[1] 0.1428571 0.2857143 0.4285714
[1] "regression testing set predication"
   predicted     actual
16 210.02907 220.452099
31  10.96409   6.072522
15 128.48484  96.392965
7   56.72903  80.426657
21  36.31439 126.477502
4  120.40120  74.785500
10 139.54784  39.126552
[1] 0.7671129
[1] 0.1428571 0.1428571 0.4285714
[1] "n fold cross validation results"
     bayesian_mmre bayesian_pred15 bayesian_pred25 bayesian_pred50 apriori_mmre
[1,]     1.1917245       0.0000000       0.2857143       0.4285714    1.1917502
[2,]     1.5607331       0.1428571       0.4285714       0.4285714    1.4725297
[3,]     0.6711062       0.1666667       0.5000000       0.5000000    0.6662404
[4,]     0.7570491       0.0000000       0.0000000       0.5714286    0.8168795
[5,]     0.8397423       0.1428571       0.2857143       0.4285714    0.8155969
     apriori_pred15 apriori_pred25 apriori_pred50 regression_mmre
[1,]      0.0000000      0.2857143      0.4285714       1.1448142
[2,]      0.1428571      0.4285714      0.4285714       1.8365274
[3,]      0.1666667      0.5000000      0.5000000       0.5827285
[4,]      0.0000000      0.0000000      0.4285714       0.6285565
[5,]      0.1428571      0.2857143      0.4285714       0.7671129
     regression_pred15 regression_pred25 regression_pred50
[1,]         0.0000000         0.1428571         0.2857143
[2,]         0.0000000         0.4285714         0.4285714
[3,]         0.0000000         0.3333333         0.5000000
[4,]         0.0000000         0.1428571         0.4285714
[5,]         0.1428571         0.1428571         0.4285714
    bayesian_mmre   bayesian_pred15   bayesian_pred25   bayesian_pred50 
       1.00407104        0.09047619        0.30000000        0.47142857 
     apriori_mmre    apriori_pred15    apriori_pred25    apriori_pred50 
       0.99259934        0.09047619        0.30000000        0.44285714 
  regression_mmre regression_pred15 regression_pred25 regression_pred50 
       0.99194791        0.02857143        0.23809524        0.41428571 
    Pred   Bayesian    Apriori Regression
1      1 0.00000000 0.00000000 0.00000000
2      2 0.00000000 0.00000000 0.00000000
3      3 0.00000000 0.00000000 0.00000000
4      4 0.00000000 0.00000000 0.00000000
5      5 0.00000000 0.00000000 0.00000000
6      6 0.00000000 0.00000000 0.02857143
7      7 0.03333333 0.00000000 0.02857143
8      8 0.03333333 0.03333333 0.02857143
9      9 0.03333333 0.03333333 0.02857143
10    10 0.03333333 0.03333333 0.02857143
11    11 0.03333333 0.06190476 0.02857143
12    12 0.03333333 0.06190476 0.02857143
13    13 0.03333333 0.06190476 0.02857143
14    14 0.03333333 0.06190476 0.02857143
15    15 0.09047619 0.06190476 0.02857143
16    16 0.09047619 0.09047619 0.02857143
17    17 0.11904762 0.09047619 0.12380952
18    18 0.11904762 0.11904762 0.12380952
19    19 0.15238095 0.14761905 0.12380952
20    20 0.15238095 0.21428571 0.15238095
21    21 0.18571429 0.21428571 0.15238095
22    22 0.21428571 0.21428571 0.18095238
23    23 0.21428571 0.24285714 0.20952381
24    24 0.27142857 0.30000000 0.20952381
25    25 0.27142857 0.30000000 0.20952381
26    26 0.30000000 0.30000000 0.23809524
27    27 0.30000000 0.30000000 0.23809524
28    28 0.30000000 0.30000000 0.23809524
29    29 0.30000000 0.30000000 0.23809524
30    30 0.30000000 0.30000000 0.23809524
31    31 0.30000000 0.30000000 0.26666667
32    32 0.30000000 0.30000000 0.30000000
33    33 0.30000000 0.30000000 0.30000000
34    34 0.30000000 0.30000000 0.30000000
35    35 0.30000000 0.32857143 0.32857143
36    36 0.30000000 0.32857143 0.32857143
37    37 0.30000000 0.35714286 0.32857143
38    38 0.30000000 0.35714286 0.35714286
39    39 0.32857143 0.35714286 0.35714286
40    40 0.32857143 0.35714286 0.35714286
41    41 0.35714286 0.35714286 0.35714286
42    42 0.35714286 0.35714286 0.35714286
43    43 0.35714286 0.38571429 0.41428571
44    44 0.35714286 0.38571429 0.41428571
45    45 0.35714286 0.38571429 0.41428571
46    46 0.38571429 0.38571429 0.41428571
47    47 0.38571429 0.38571429 0.41428571
48    48 0.38571429 0.44285714 0.41428571
49    49 0.47142857 0.44285714 0.41428571
50    50 0.47142857 0.44285714 0.41428571
51    51 0.47142857 0.44285714 0.41428571
52    52 0.47142857 0.44285714 0.41428571
53    53 0.47142857 0.44285714 0.41428571
54    54 0.47142857 0.44285714 0.41428571
55    55 0.47142857 0.44285714 0.47142857
56    56 0.47142857 0.44285714 0.47142857
57    57 0.47142857 0.44285714 0.47142857
58    58 0.47142857 0.44285714 0.47142857
59    59 0.50000000 0.47142857 0.50000000
60    60 0.50000000 0.50000000 0.50000000
61    61 0.50000000 0.50000000 0.50000000
62    62 0.50000000 0.50000000 0.55714286
63    63 0.52857143 0.50000000 0.55714286
64    64 0.52857143 0.50000000 0.55714286
65    65 0.52857143 0.50000000 0.55714286
66    66 0.52857143 0.53333333 0.55714286
67    67 0.56190476 0.53333333 0.55714286
68    68 0.56190476 0.56190476 0.59047619
69    69 0.56190476 0.56190476 0.59047619
70    70 0.56190476 0.56190476 0.59047619
71    71 0.56190476 0.56190476 0.59047619
72    72 0.59047619 0.59047619 0.59047619
73    73 0.59047619 0.59047619 0.61904762
74    74 0.59047619 0.59047619 0.64761905
75    75 0.59047619 0.61904762 0.64761905
76    76 0.59047619 0.61904762 0.64761905
77    77 0.61904762 0.61904762 0.64761905
78    78 0.61904762 0.61904762 0.67619048
79    79 0.61904762 0.61904762 0.67619048
80    80 0.61904762 0.61904762 0.67619048
81    81 0.61904762 0.61904762 0.67619048
82    82 0.61904762 0.61904762 0.70476190
83    83 0.64761905 0.64761905 0.70476190
84    84 0.64761905 0.64761905 0.73809524
85    85 0.64761905 0.64761905 0.73809524
86    86 0.64761905 0.64761905 0.73809524
87    87 0.64761905 0.64761905 0.73809524
88    88 0.64761905 0.64761905 0.73809524
89    89 0.64761905 0.64761905 0.73809524
90    90 0.64761905 0.64761905 0.73809524
91    91 0.64761905 0.64761905 0.73809524
92    92 0.64761905 0.64761905 0.73809524
93    93 0.64761905 0.64761905 0.73809524
94    94 0.64761905 0.64761905 0.73809524
95    95 0.64761905 0.64761905 0.73809524
96    96 0.64761905 0.64761905 0.73809524
97    97 0.64761905 0.64761905 0.73809524
98    98 0.64761905 0.64761905 0.73809524
99    99 0.64761905 0.64761905 0.73809524
100  100 0.67619048 0.67619048 0.73809524
[1] "melt avg preds info"
    Pred     Method      Value
1      1   Bayesian 0.00000000
2      2   Bayesian 0.00000000
3      3   Bayesian 0.00000000
4      4   Bayesian 0.00000000
5      5   Bayesian 0.00000000
6      6   Bayesian 0.00000000
7      7   Bayesian 0.03333333
8      8   Bayesian 0.03333333
9      9   Bayesian 0.03333333
10    10   Bayesian 0.03333333
11    11   Bayesian 0.03333333
12    12   Bayesian 0.03333333
13    13   Bayesian 0.03333333
14    14   Bayesian 0.03333333
15    15   Bayesian 0.09047619
16    16   Bayesian 0.09047619
17    17   Bayesian 0.11904762
18    18   Bayesian 0.11904762
19    19   Bayesian 0.15238095
20    20   Bayesian 0.15238095
21    21   Bayesian 0.18571429
22    22   Bayesian 0.21428571
23    23   Bayesian 0.21428571
24    24   Bayesian 0.27142857
25    25   Bayesian 0.27142857
26    26   Bayesian 0.30000000
27    27   Bayesian 0.30000000
28    28   Bayesian 0.30000000
29    29   Bayesian 0.30000000
30    30   Bayesian 0.30000000
31    31   Bayesian 0.30000000
32    32   Bayesian 0.30000000
33    33   Bayesian 0.30000000
34    34   Bayesian 0.30000000
35    35   Bayesian 0.30000000
36    36   Bayesian 0.30000000
37    37   Bayesian 0.30000000
38    38   Bayesian 0.30000000
39    39   Bayesian 0.32857143
40    40   Bayesian 0.32857143
41    41   Bayesian 0.35714286
42    42   Bayesian 0.35714286
43    43   Bayesian 0.35714286
44    44   Bayesian 0.35714286
45    45   Bayesian 0.35714286
46    46   Bayesian 0.38571429
47    47   Bayesian 0.38571429
48    48   Bayesian 0.38571429
49    49   Bayesian 0.47142857
50    50   Bayesian 0.47142857
51    51   Bayesian 0.47142857
52    52   Bayesian 0.47142857
53    53   Bayesian 0.47142857
54    54   Bayesian 0.47142857
55    55   Bayesian 0.47142857
56    56   Bayesian 0.47142857
57    57   Bayesian 0.47142857
58    58   Bayesian 0.47142857
59    59   Bayesian 0.50000000
60    60   Bayesian 0.50000000
61    61   Bayesian 0.50000000
62    62   Bayesian 0.50000000
63    63   Bayesian 0.52857143
64    64   Bayesian 0.52857143
65    65   Bayesian 0.52857143
66    66   Bayesian 0.52857143
67    67   Bayesian 0.56190476
68    68   Bayesian 0.56190476
69    69   Bayesian 0.56190476
70    70   Bayesian 0.56190476
71    71   Bayesian 0.56190476
72    72   Bayesian 0.59047619
73    73   Bayesian 0.59047619
74    74   Bayesian 0.59047619
75    75   Bayesian 0.59047619
76    76   Bayesian 0.59047619
77    77   Bayesian 0.61904762
78    78   Bayesian 0.61904762
79    79   Bayesian 0.61904762
80    80   Bayesian 0.61904762
81    81   Bayesian 0.61904762
82    82   Bayesian 0.61904762
83    83   Bayesian 0.64761905
84    84   Bayesian 0.64761905
85    85   Bayesian 0.64761905
86    86   Bayesian 0.64761905
87    87   Bayesian 0.64761905
88    88   Bayesian 0.64761905
89    89   Bayesian 0.64761905
90    90   Bayesian 0.64761905
91    91   Bayesian 0.64761905
92    92   Bayesian 0.64761905
93    93   Bayesian 0.64761905
94    94   Bayesian 0.64761905
95    95   Bayesian 0.64761905
96    96   Bayesian 0.64761905
97    97   Bayesian 0.64761905
98    98   Bayesian 0.64761905
99    99   Bayesian 0.64761905
100  100   Bayesian 0.67619048
101    1    Apriori 0.00000000
102    2    Apriori 0.00000000
103    3    Apriori 0.00000000
104    4    Apriori 0.00000000
105    5    Apriori 0.00000000
106    6    Apriori 0.00000000
107    7    Apriori 0.00000000
108    8    Apriori 0.03333333
109    9    Apriori 0.03333333
110   10    Apriori 0.03333333
111   11    Apriori 0.06190476
112   12    Apriori 0.06190476
113   13    Apriori 0.06190476
114   14    Apriori 0.06190476
115   15    Apriori 0.06190476
116   16    Apriori 0.09047619
117   17    Apriori 0.09047619
118   18    Apriori 0.11904762
119   19    Apriori 0.14761905
120   20    Apriori 0.21428571
121   21    Apriori 0.21428571
122   22    Apriori 0.21428571
123   23    Apriori 0.24285714
124   24    Apriori 0.30000000
125   25    Apriori 0.30000000
126   26    Apriori 0.30000000
127   27    Apriori 0.30000000
128   28    Apriori 0.30000000
129   29    Apriori 0.30000000
130   30    Apriori 0.30000000
131   31    Apriori 0.30000000
132   32    Apriori 0.30000000
133   33    Apriori 0.30000000
134   34    Apriori 0.30000000
135   35    Apriori 0.32857143
136   36    Apriori 0.32857143
137   37    Apriori 0.35714286
138   38    Apriori 0.35714286
139   39    Apriori 0.35714286
140   40    Apriori 0.35714286
141   41    Apriori 0.35714286
142   42    Apriori 0.35714286
143   43    Apriori 0.38571429
144   44    Apriori 0.38571429
145   45    Apriori 0.38571429
146   46    Apriori 0.38571429
147   47    Apriori 0.38571429
148   48    Apriori 0.44285714
149   49    Apriori 0.44285714
150   50    Apriori 0.44285714
151   51    Apriori 0.44285714
152   52    Apriori 0.44285714
153   53    Apriori 0.44285714
154   54    Apriori 0.44285714
155   55    Apriori 0.44285714
156   56    Apriori 0.44285714
157   57    Apriori 0.44285714
158   58    Apriori 0.44285714
159   59    Apriori 0.47142857
160   60    Apriori 0.50000000
161   61    Apriori 0.50000000
162   62    Apriori 0.50000000
163   63    Apriori 0.50000000
164   64    Apriori 0.50000000
165   65    Apriori 0.50000000
166   66    Apriori 0.53333333
167   67    Apriori 0.53333333
168   68    Apriori 0.56190476
169   69    Apriori 0.56190476
170   70    Apriori 0.56190476
171   71    Apriori 0.56190476
172   72    Apriori 0.59047619
173   73    Apriori 0.59047619
174   74    Apriori 0.59047619
175   75    Apriori 0.61904762
176   76    Apriori 0.61904762
177   77    Apriori 0.61904762
178   78    Apriori 0.61904762
179   79    Apriori 0.61904762
180   80    Apriori 0.61904762
181   81    Apriori 0.61904762
182   82    Apriori 0.61904762
183   83    Apriori 0.64761905
184   84    Apriori 0.64761905
185   85    Apriori 0.64761905
186   86    Apriori 0.64761905
187   87    Apriori 0.64761905
188   88    Apriori 0.64761905
189   89    Apriori 0.64761905
190   90    Apriori 0.64761905
191   91    Apriori 0.64761905
192   92    Apriori 0.64761905
193   93    Apriori 0.64761905
194   94    Apriori 0.64761905
195   95    Apriori 0.64761905
196   96    Apriori 0.64761905
197   97    Apriori 0.64761905
198   98    Apriori 0.64761905
199   99    Apriori 0.64761905
200  100    Apriori 0.67619048
201    1 Regression 0.00000000
202    2 Regression 0.00000000
203    3 Regression 0.00000000
204    4 Regression 0.00000000
205    5 Regression 0.00000000
206    6 Regression 0.02857143
207    7 Regression 0.02857143
208    8 Regression 0.02857143
209    9 Regression 0.02857143
210   10 Regression 0.02857143
211   11 Regression 0.02857143
212   12 Regression 0.02857143
213   13 Regression 0.02857143
214   14 Regression 0.02857143
215   15 Regression 0.02857143
216   16 Regression 0.02857143
217   17 Regression 0.12380952
218   18 Regression 0.12380952
219   19 Regression 0.12380952
220   20 Regression 0.15238095
221   21 Regression 0.15238095
222   22 Regression 0.18095238
223   23 Regression 0.20952381
224   24 Regression 0.20952381
225   25 Regression 0.20952381
226   26 Regression 0.23809524
227   27 Regression 0.23809524
228   28 Regression 0.23809524
229   29 Regression 0.23809524
230   30 Regression 0.23809524
231   31 Regression 0.26666667
232   32 Regression 0.30000000
233   33 Regression 0.30000000
234   34 Regression 0.30000000
235   35 Regression 0.32857143
236   36 Regression 0.32857143
237   37 Regression 0.32857143
238   38 Regression 0.35714286
239   39 Regression 0.35714286
240   40 Regression 0.35714286
241   41 Regression 0.35714286
242   42 Regression 0.35714286
243   43 Regression 0.41428571
244   44 Regression 0.41428571
245   45 Regression 0.41428571
246   46 Regression 0.41428571
247   47 Regression 0.41428571
248   48 Regression 0.41428571
249   49 Regression 0.41428571
250   50 Regression 0.41428571
251   51 Regression 0.41428571
252   52 Regression 0.41428571
253   53 Regression 0.41428571
254   54 Regression 0.41428571
255   55 Regression 0.47142857
256   56 Regression 0.47142857
257   57 Regression 0.47142857
258   58 Regression 0.47142857
259   59 Regression 0.50000000
260   60 Regression 0.50000000
261   61 Regression 0.50000000
262   62 Regression 0.55714286
263   63 Regression 0.55714286
264   64 Regression 0.55714286
265   65 Regression 0.55714286
266   66 Regression 0.55714286
267   67 Regression 0.55714286
268   68 Regression 0.59047619
269   69 Regression 0.59047619
270   70 Regression 0.59047619
271   71 Regression 0.59047619
272   72 Regression 0.59047619
273   73 Regression 0.61904762
274   74 Regression 0.64761905
275   75 Regression 0.64761905
276   76 Regression 0.64761905
277   77 Regression 0.64761905
278   78 Regression 0.67619048
279   79 Regression 0.67619048
280   80 Regression 0.67619048
281   81 Regression 0.67619048
282   82 Regression 0.70476190
283   83 Regression 0.70476190
284   84 Regression 0.73809524
285   85 Regression 0.73809524
286   86 Regression 0.73809524
287   87 Regression 0.73809524
288   88 Regression 0.73809524
289   89 Regression 0.73809524
290   90 Regression 0.73809524
291   91 Regression 0.73809524
292   92 Regression 0.73809524
293   93 Regression 0.73809524
294   94 Regression 0.73809524
295   95 Regression 0.73809524
296   96 Regression 0.73809524
297   97 Regression 0.73809524
298   98 Regression 0.73809524
299   99 Regression 0.73809524
300  100 Regression 0.73809524
[1] "melt avg preds info as lines"
