$breaks
 [1]  0  5 10 15 20 25 30 35 40 45 50

$counts
 [1] 5 5 5 5 5 5 5 5 5 1

$density
 [1] 0.021739130 0.021739130 0.021739130 0.021739130 0.021739130 0.021739130
 [7] 0.021739130 0.021739130 0.021739130 0.004347826

$mids
 [1]  2.5  7.5 12.5 17.5 22.5 27.5 32.5 37.5 42.5 47.5

$xname
[1] "as.numeric(column)"

$equidist
[1] TRUE

attr(,"class")
[1] "histogram"
$breaks
 [1] 0.0 0.5 1.0 1.5 2.0 2.5 3.0 3.5 4.0 4.5 5.0 5.5 6.0

$counts
 [1] 12 12  0  3  0  2  0  9  0  2  0  6

$density
 [1] 0.52173913 0.52173913 0.00000000 0.13043478 0.00000000 0.08695652
 [7] 0.00000000 0.39130435 0.00000000 0.08695652 0.00000000 0.26086957

$mids
 [1] 0.25 0.75 1.25 1.75 2.25 2.75 3.25 3.75 4.25 4.75 5.25 5.75

$xname
[1] "as.numeric(column)"

$equidist
[1] TRUE

attr(,"class")
[1] "histogram"
$breaks
 [1] 0.0 0.1 0.2 0.3 0.4 0.5 0.6 0.7 0.8 0.9 1.0 1.1 1.2 1.3 1.4 1.5 1.6 1.7 1.8
[20] 1.9 2.0

$counts
 [1] 11  0  0  0  0  0  0  0  0 15  0  0  0  0  0  0  0  0  0 20

$density
 [1] 2.391304 0.000000 0.000000 0.000000 0.000000 0.000000 0.000000 0.000000
 [9] 0.000000 3.260870 0.000000 0.000000 0.000000 0.000000 0.000000 0.000000
[17] 0.000000 0.000000 0.000000 4.347826

$mids
 [1] 0.05 0.15 0.25 0.35 0.45 0.55 0.65 0.75 0.85 0.95 1.05 1.15 1.25 1.35 1.45
[16] 1.55 1.65 1.75 1.85 1.95

$xname
[1] "as.numeric(column)"

$equidist
[1] TRUE

attr(,"class")
[1] "histogram"
$breaks
[1] -1  0

$counts
[1] 46

$density
[1] 1

$mids
[1] -0.5

$xname
[1] "as.numeric(column)"

$equidist
[1] TRUE

attr(,"class")
[1] "histogram"
$breaks
[1] -1  0

$counts
[1] 46

$density
[1] 1

$mids
[1] -0.5

$xname
[1] "as.numeric(column)"

$equidist
[1] TRUE

attr(,"class")
[1] "histogram"
