$breaks
 [1]  1  2  3  4  5  6  7  8  9 10 11 12 13 14 15 16 17 18 19 20 21 22

$counts
 [1] 2 1 1 1 1 1 1 1 1 1 1 1 1 1 1 1 1 1 1 1 1

$density
 [1] 0.09090909 0.04545455 0.04545455 0.04545455 0.04545455 0.04545455
 [7] 0.04545455 0.04545455 0.04545455 0.04545455 0.04545455 0.04545455
[13] 0.04545455 0.04545455 0.04545455 0.04545455 0.04545455 0.04545455
[19] 0.04545455 0.04545455 0.04545455

$mids
 [1]  1.5  2.5  3.5  4.5  5.5  6.5  7.5  8.5  9.5 10.5 11.5 12.5 13.5 14.5 15.5
[16] 16.5 17.5 18.5 19.5 20.5 21.5

$xname
[1] "as.numeric(column)"

$equidist
[1] TRUE

attr(,"class")
[1] "histogram"
$breaks
 [1] 4.0 4.2 4.4 4.6 4.8 5.0 5.2 5.4 5.6 5.8 6.0 6.2 6.4 6.6 6.8 7.0

$counts
 [1] 8 0 0 0 0 0 0 0 0 6 0 0 0 0 8

$density
 [1] 1.818182 0.000000 0.000000 0.000000 0.000000 0.000000 0.000000 0.000000
 [9] 0.000000 1.363636 0.000000 0.000000 0.000000 0.000000 1.818182

$mids
 [1] 4.1 4.3 4.5 4.7 4.9 5.1 5.3 5.5 5.7 5.9 6.1 6.3 6.5 6.7 6.9

$xname
[1] "as.numeric(column)"

$equidist
[1] TRUE

attr(,"class")
[1] "histogram"
$breaks
 [1] 3.0 3.2 3.4 3.6 3.8 4.0 4.2 4.4 4.6 4.8 5.0 5.2 5.4 5.6 5.8 6.0

$counts
 [1] 8 0 0 0 0 0 0 0 0 6 0 0 0 0 8

$density
 [1] 1.818182 0.000000 0.000000 0.000000 0.000000 0.000000 0.000000 0.000000
 [9] 0.000000 1.363636 0.000000 0.000000 0.000000 0.000000 1.818182

$mids
 [1] 3.1 3.3 3.5 3.7 3.9 4.1 4.3 4.5 4.7 4.9 5.1 5.3 5.5 5.7 5.9

$xname
[1] "as.numeric(column)"

$equidist
[1] TRUE

attr(,"class")
[1] "histogram"
$breaks
[1] -1  0

$counts
[1] 22

$density
[1] 1

$mids
[1] -0.5

$xname
[1] "as.numeric(column)"

$equidist
[1] TRUE

attr(,"class")
[1] "histogram"
$breaks
[1] -1  0

$counts
[1] 22

$density
[1] 1

$mids
[1] -0.5

$xname
[1] "as.numeric(column)"

$equidist
[1] TRUE

attr(,"class")
[1] "histogram"
$breaks
[1] -1  0

$counts
[1] 22

$density
[1] 1

$mids
[1] -0.5

$xname
[1] "as.numeric(column)"

$equidist
[1] TRUE

attr(,"class")
[1] "histogram"
