$breaks
 [1] 1.0 1.1 1.2 1.3 1.4 1.5 1.6 1.7 1.8 1.9 2.0 2.1 2.2 2.3 2.4 2.5 2.6 2.7 2.8
[20] 2.9 3.0

$counts
 [1] 1 0 0 0 0 0 0 0 0 1 0 0 0 0 0 0 0 0 0 1

$density
 [1] 3.333333 0.000000 0.000000 0.000000 0.000000 0.000000 0.000000 0.000000
 [9] 0.000000 3.333333 0.000000 0.000000 0.000000 0.000000 0.000000 0.000000
[17] 0.000000 0.000000 0.000000 3.333333

$mids
 [1] 1.05 1.15 1.25 1.35 1.45 1.55 1.65 1.75 1.85 1.95 2.05 2.15 2.25 2.35 2.45
[16] 2.55 2.65 2.75 2.85 2.95

$xname
[1] "as.numeric(column)"

$equidist
[1] TRUE

attr(,"class")
[1] "histogram"
$breaks
 [1] 2.0 2.1 2.2 2.3 2.4 2.5 2.6 2.7 2.8 2.9 3.0 3.1 3.2 3.3 3.4 3.5 3.6 3.7 3.8
[20] 3.9 4.0

$counts
 [1] 1 0 0 0 0 0 0 0 0 0 0 0 0 0 0 0 0 0 0 2

$density
 [1] 3.333333 0.000000 0.000000 0.000000 0.000000 0.000000 0.000000 0.000000
 [9] 0.000000 0.000000 0.000000 0.000000 0.000000 0.000000 0.000000 0.000000
[17] 0.000000 0.000000 0.000000 6.666667

$mids
 [1] 2.05 2.15 2.25 2.35 2.45 2.55 2.65 2.75 2.85 2.95 3.05 3.15 3.25 3.35 3.45
[16] 3.55 3.65 3.75 3.85 3.95

$xname
[1] "as.numeric(column)"

$equidist
[1] TRUE

attr(,"class")
[1] "histogram"
$breaks
[1] -1  0

$counts
[1] 3

$density
[1] 1

$mids
[1] -0.5

$xname
[1] "as.numeric(column)"

$equidist
[1] TRUE

attr(,"class")
[1] "histogram"
$breaks
 [1] 1.0 1.1 1.2 1.3 1.4 1.5 1.6 1.7 1.8 1.9 2.0 2.1 2.2 2.3 2.4 2.5 2.6 2.7 2.8
[20] 2.9 3.0

$counts
 [1] 1 0 0 0 0 0 0 0 0 0 0 0 0 0 0 0 0 0 0 2

$density
 [1] 3.333333 0.000000 0.000000 0.000000 0.000000 0.000000 0.000000 0.000000
 [9] 0.000000 0.000000 0.000000 0.000000 0.000000 0.000000 0.000000 0.000000
[17] 0.000000 0.000000 0.000000 6.666667

$mids
 [1] 1.05 1.15 1.25 1.35 1.45 1.55 1.65 1.75 1.85 1.95 2.05 2.15 2.25 2.35 2.45
[16] 2.55 2.65 2.75 2.85 2.95

$xname
[1] "as.numeric(column)"

$equidist
[1] TRUE

attr(,"class")
[1] "histogram"
$breaks
[1] -1  0

$counts
[1] 3

$density
[1] 1

$mids
[1] -0.5

$xname
[1] "as.numeric(column)"

$equidist
[1] TRUE

attr(,"class")
[1] "histogram"
$breaks
[1] -1  0

$counts
[1] 3

$density
[1] 1

$mids
[1] -0.5

$xname
[1] "as.numeric(column)"

$equidist
[1] TRUE

attr(,"class")
[1] "histogram"
