$breaks
 [1]  0  5 10 15 20 25 30 35 40 45 50 55 60

$counts
 [1] 5 5 5 5 5 5 5 5 5 5 5 4

$density
 [1] 0.01694915 0.01694915 0.01694915 0.01694915 0.01694915 0.01694915
 [7] 0.01694915 0.01694915 0.01694915 0.01694915 0.01694915 0.01355932

$mids
 [1]  2.5  7.5 12.5 17.5 22.5 27.5 32.5 37.5 42.5 47.5 52.5 57.5

$xname
[1] "as.numeric(column)"

$equidist
[1] TRUE

attr(,"class")
[1] "histogram"
$breaks
 [1]  4.0  4.5  5.0  5.5  6.0  6.5  7.0  7.5  8.0  8.5  9.0  9.5 10.0

$counts
 [1]  7  3  0  3  0 15  0 10  0 12  0  9

$density
 [1] 0.2372881 0.1016949 0.0000000 0.1016949 0.0000000 0.5084746 0.0000000
 [8] 0.3389831 0.0000000 0.4067797 0.0000000 0.3050847

$mids
 [1] 4.25 4.75 5.25 5.75 6.25 6.75 7.25 7.75 8.25 8.75 9.25 9.75

$xname
[1] "as.numeric(column)"

$equidist
[1] TRUE

attr(,"class")
[1] "histogram"
$breaks
 [1] 0.0 0.2 0.4 0.6 0.8 1.0 1.2 1.4 1.6 1.8 2.0 2.2 2.4 2.6 2.8 3.0 3.2 3.4 3.6
[20] 3.8 4.0

$counts
 [1]  4  0  0  0 13  0  0  0  0 18  0  0  0  0 18  0  0  0  0  6

$density
 [1] 0.3389831 0.0000000 0.0000000 0.0000000 1.1016949 0.0000000 0.0000000
 [8] 0.0000000 0.0000000 1.5254237 0.0000000 0.0000000 0.0000000 0.0000000
[15] 1.5254237 0.0000000 0.0000000 0.0000000 0.0000000 0.5084746

$mids
 [1] 0.1 0.3 0.5 0.7 0.9 1.1 1.3 1.5 1.7 1.9 2.1 2.3 2.5 2.7 2.9 3.1 3.3 3.5 3.7
[20] 3.9

$xname
[1] "as.numeric(column)"

$equidist
[1] TRUE

attr(,"class")
[1] "histogram"
$breaks
 [1] 0.0 0.5 1.0 1.5 2.0 2.5 3.0 3.5 4.0 4.5 5.0 5.5 6.0

$counts
 [1]  2  6  0 10  0 14  0 12  0 11  0  4

$density
 [1] 0.06779661 0.20338983 0.00000000 0.33898305 0.00000000 0.47457627
 [7] 0.00000000 0.40677966 0.00000000 0.37288136 0.00000000 0.13559322

$mids
 [1] 0.25 0.75 1.25 1.75 2.25 2.75 3.25 3.75 4.25 4.75 5.25 5.75

$xname
[1] "as.numeric(column)"

$equidist
[1] TRUE

attr(,"class")
[1] "histogram"
$breaks
 [1] 0.0 0.1 0.2 0.3 0.4 0.5 0.6 0.7 0.8 0.9 1.0 1.1 1.2 1.3 1.4 1.5 1.6 1.7 1.8
[20] 1.9 2.0

$counts
 [1] 11  0  0  0  0  0  0  0  0 33  0  0  0  0  0  0  0  0  0 15

$density
 [1] 1.864407 0.000000 0.000000 0.000000 0.000000 0.000000 0.000000 0.000000
 [9] 0.000000 5.593220 0.000000 0.000000 0.000000 0.000000 0.000000 0.000000
[17] 0.000000 0.000000 0.000000 2.542373

$mids
 [1] 0.05 0.15 0.25 0.35 0.45 0.55 0.65 0.75 0.85 0.95 1.05 1.15 1.25 1.35 1.45
[16] 1.55 1.65 1.75 1.85 1.95

$xname
[1] "as.numeric(column)"

$equidist
[1] TRUE

attr(,"class")
[1] "histogram"
$breaks
[1] -1  0

$counts
[1] 59

$density
[1] 1

$mids
[1] -0.5

$xname
[1] "as.numeric(column)"

$equidist
[1] TRUE

attr(,"class")
[1] "histogram"
