$breaks
 [1]  1  2  3  4  5  6  7  8  9 10 11 12 13

$counts
 [1] 2 1 1 1 1 1 1 1 1 1 1 1

$density
 [1] 0.15384615 0.07692308 0.07692308 0.07692308 0.07692308 0.07692308
 [7] 0.07692308 0.07692308 0.07692308 0.07692308 0.07692308 0.07692308

$mids
 [1]  1.5  2.5  3.5  4.5  5.5  6.5  7.5  8.5  9.5 10.5 11.5 12.5

$xname
[1] "as.numeric(column)"

$equidist
[1] TRUE

attr(,"class")
[1] "histogram"
$breaks
 [1]  4.0  4.5  5.0  5.5  6.0  6.5  7.0  7.5  8.0  8.5  9.0  9.5 10.0 10.5 11.0
[16] 11.5 12.0

$counts
 [1] 1 1 0 2 0 2 0 3 0 1 0 2 0 0 0 1

$density
 [1] 0.1538462 0.1538462 0.0000000 0.3076923 0.0000000 0.3076923 0.0000000
 [8] 0.4615385 0.0000000 0.1538462 0.0000000 0.3076923 0.0000000 0.0000000
[15] 0.0000000 0.1538462

$mids
 [1]  4.25  4.75  5.25  5.75  6.25  6.75  7.25  7.75  8.25  8.75  9.25  9.75
[13] 10.25 10.75 11.25 11.75

$xname
[1] "as.numeric(column)"

$equidist
[1] TRUE

attr(,"class")
[1] "histogram"
$breaks
 [1] 0.0 0.5 1.0 1.5 2.0 2.5 3.0 3.5 4.0 4.5 5.0

$counts
 [1] 1 5 0 0 0 5 0 0 0 2

$density
 [1] 0.1538462 0.7692308 0.0000000 0.0000000 0.0000000 0.7692308 0.0000000
 [8] 0.0000000 0.0000000 0.3076923

$mids
 [1] 0.25 0.75 1.25 1.75 2.25 2.75 3.25 3.75 4.25 4.75

$xname
[1] "as.numeric(column)"

$equidist
[1] TRUE

attr(,"class")
[1] "histogram"
$breaks
 [1] 3.0 3.2 3.4 3.6 3.8 4.0 4.2 4.4 4.6 4.8 5.0 5.2 5.4 5.6 5.8 6.0

$counts
 [1] 3 0 0 0 5 0 0 0 0 2 0 0 0 0 3

$density
 [1] 1.1538462 0.0000000 0.0000000 0.0000000 1.9230769 0.0000000 0.0000000
 [8] 0.0000000 0.0000000 0.7692308 0.0000000 0.0000000 0.0000000 0.0000000
[15] 1.1538462

$mids
 [1] 3.1 3.3 3.5 3.7 3.9 4.1 4.3 4.5 4.7 4.9 5.1 5.3 5.5 5.7 5.9

$xname
[1] "as.numeric(column)"

$equidist
[1] TRUE

attr(,"class")
[1] "histogram"
$breaks
[1] -1  0

$counts
[1] 13

$density
[1] 1

$mids
[1] -0.5

$xname
[1] "as.numeric(column)"

$equidist
[1] TRUE

attr(,"class")
[1] "histogram"
$breaks
[1] -1  0

$counts
[1] 13

$density
[1] 1

$mids
[1] -0.5

$xname
[1] "as.numeric(column)"

$equidist
[1] TRUE

attr(,"class")
[1] "histogram"
