$breaks
 [1]  1  2  3  4  5  6  7  8  9 10 11 12 13 14 15

$counts
 [1] 2 1 1 1 1 1 1 1 1 1 1 1 1 1

$density
 [1] 0.13333333 0.06666667 0.06666667 0.06666667 0.06666667 0.06666667
 [7] 0.06666667 0.06666667 0.06666667 0.06666667 0.06666667 0.06666667
[13] 0.06666667 0.06666667

$mids
 [1]  1.5  2.5  3.5  4.5  5.5  6.5  7.5  8.5  9.5 10.5 11.5 12.5 13.5 14.5

$xname
[1] "as.numeric(column)"

$equidist
[1] TRUE

attr(,"class")
[1] "histogram"
$breaks
 [1] 4.0 4.2 4.4 4.6 4.8 5.0 5.2 5.4 5.6 5.8 6.0 6.2 6.4 6.6 6.8 7.0 7.2 7.4 7.6
[20] 7.8 8.0

$counts
 [1] 6 0 0 0 2 0 0 0 0 6 0 0 0 0 0 0 0 0 0 1

$density
 [1] 2.0000000 0.0000000 0.0000000 0.0000000 0.6666667 0.0000000 0.0000000
 [8] 0.0000000 0.0000000 2.0000000 0.0000000 0.0000000 0.0000000 0.0000000
[15] 0.0000000 0.0000000 0.0000000 0.0000000 0.0000000 0.3333333

$mids
 [1] 4.1 4.3 4.5 4.7 4.9 5.1 5.3 5.5 5.7 5.9 6.1 6.3 6.5 6.7 6.9 7.1 7.3 7.5 7.7
[20] 7.9

$xname
[1] "as.numeric(column)"

$equidist
[1] TRUE

attr(,"class")
[1] "histogram"
$breaks
 [1] 0.0 0.1 0.2 0.3 0.4 0.5 0.6 0.7 0.8 0.9 1.0 1.1 1.2 1.3 1.4 1.5 1.6 1.7 1.8
[20] 1.9 2.0

$counts
 [1] 5 0 0 0 0 0 0 0 0 6 0 0 0 0 0 0 0 0 0 4

$density
 [1] 3.333333 0.000000 0.000000 0.000000 0.000000 0.000000 0.000000 0.000000
 [9] 0.000000 4.000000 0.000000 0.000000 0.000000 0.000000 0.000000 0.000000
[17] 0.000000 0.000000 0.000000 2.666667

$mids
 [1] 0.05 0.15 0.25 0.35 0.45 0.55 0.65 0.75 0.85 0.95 1.05 1.15 1.25 1.35 1.45
[16] 1.55 1.65 1.75 1.85 1.95

$xname
[1] "as.numeric(column)"

$equidist
[1] TRUE

attr(,"class")
[1] "histogram"
$breaks
 [1] 1.0 1.2 1.4 1.6 1.8 2.0 2.2 2.4 2.6 2.8 3.0 3.2 3.4 3.6 3.8 4.0

$counts
 [1] 6 0 0 0 5 0 0 0 0 3 0 0 0 0 1

$density
 [1] 2.0000000 0.0000000 0.0000000 0.0000000 1.6666667 0.0000000 0.0000000
 [8] 0.0000000 0.0000000 1.0000000 0.0000000 0.0000000 0.0000000 0.0000000
[15] 0.3333333

$mids
 [1] 1.1 1.3 1.5 1.7 1.9 2.1 2.3 2.5 2.7 2.9 3.1 3.3 3.5 3.7 3.9

$xname
[1] "as.numeric(column)"

$equidist
[1] TRUE

attr(,"class")
[1] "histogram"
$breaks
 [1] 0.0 0.2 0.4 0.6 0.8 1.0 1.2 1.4 1.6 1.8 2.0 2.2 2.4 2.6 2.8 3.0

$counts
 [1] 2 0 0 0 8 0 0 0 0 3 0 0 0 0 2

$density
 [1] 0.6666667 0.0000000 0.0000000 0.0000000 2.6666667 0.0000000 0.0000000
 [8] 0.0000000 0.0000000 1.0000000 0.0000000 0.0000000 0.0000000 0.0000000
[15] 0.6666667

$mids
 [1] 0.1 0.3 0.5 0.7 0.9 1.1 1.3 1.5 1.7 1.9 2.1 2.3 2.5 2.7 2.9

$xname
[1] "as.numeric(column)"

$equidist
[1] TRUE

attr(,"class")
[1] "histogram"
$breaks
[1] -1  0

$counts
[1] 15

$density
[1] 1

$mids
[1] -0.5

$xname
[1] "as.numeric(column)"

$equidist
[1] TRUE

attr(,"class")
[1] "histogram"
