$breaks
 [1]  0  5 10 15 20 25 30 35 40 45

$counts
[1] 5 5 5 5 5 5 5 5 4

$density
[1] 0.02272727 0.02272727 0.02272727 0.02272727 0.02272727 0.02272727 0.02272727
[8] 0.02272727 0.01818182

$mids
[1]  2.5  7.5 12.5 17.5 22.5 27.5 32.5 37.5 42.5

$xname
[1] "as.numeric(column)"

$equidist
[1] TRUE

attr(,"class")
[1] "histogram"
$breaks
 [1] 2.0 2.5 3.0 3.5 4.0 4.5 5.0 5.5 6.0 6.5 7.0

$counts
 [1]  2  7  0 14  0 11  0  6  0  4

$density
 [1] 0.09090909 0.31818182 0.00000000 0.63636364 0.00000000 0.50000000
 [7] 0.00000000 0.27272727 0.00000000 0.18181818

$mids
 [1] 2.25 2.75 3.25 3.75 4.25 4.75 5.25 5.75 6.25 6.75

$xname
[1] "as.numeric(column)"

$equidist
[1] TRUE

attr(,"class")
[1] "histogram"
$breaks
 [1]  2  3  4  5  6  7  8  9 10 11 12 13

$counts
 [1] 3 5 5 4 4 5 6 3 3 4 2

$density
 [1] 0.06818182 0.11363636 0.11363636 0.09090909 0.09090909 0.11363636
 [7] 0.13636364 0.06818182 0.06818182 0.09090909 0.04545455

$mids
 [1]  2.5  3.5  4.5  5.5  6.5  7.5  8.5  9.5 10.5 11.5 12.5

$xname
[1] "as.numeric(column)"

$equidist
[1] TRUE

attr(,"class")
[1] "histogram"
$breaks
 [1] 0.0 0.2 0.4 0.6 0.8 1.0 1.2 1.4 1.6 1.8 2.0 2.2 2.4 2.6 2.8 3.0

$counts
 [1]  2  0  0  0 14  0  0  0  0 20  0  0  0  0  8

$density
 [1] 0.2272727 0.0000000 0.0000000 0.0000000 1.5909091 0.0000000 0.0000000
 [8] 0.0000000 0.0000000 2.2727273 0.0000000 0.0000000 0.0000000 0.0000000
[15] 0.9090909

$mids
 [1] 0.1 0.3 0.5 0.7 0.9 1.1 1.3 1.5 1.7 1.9 2.1 2.3 2.5 2.7 2.9

$xname
[1] "as.numeric(column)"

$equidist
[1] TRUE

attr(,"class")
[1] "histogram"
$breaks
[1] -1  0

$counts
[1] 44

$density
[1] 1

$mids
[1] -0.5

$xname
[1] "as.numeric(column)"

$equidist
[1] TRUE

attr(,"class")
[1] "histogram"
