$breaks
 [1]  0  2  4  6  8 10 12 14 16 18 20 22 24 26 28 30

$counts
 [1] 2 2 2 2 2 2 2 2 2 2 2 2 2 2 1

$density
 [1] 0.03448276 0.03448276 0.03448276 0.03448276 0.03448276 0.03448276
 [7] 0.03448276 0.03448276 0.03448276 0.03448276 0.03448276 0.03448276
[13] 0.03448276 0.03448276 0.01724138

$mids
 [1]  1  3  5  7  9 11 13 15 17 19 21 23 25 27 29

$xname
[1] "as.numeric(column)"

$equidist
[1] TRUE

attr(,"class")
[1] "histogram"
$breaks
 [1]  4.0  4.5  5.0  5.5  6.0  6.5  7.0  7.5  8.0  8.5  9.0  9.5 10.0

$counts
 [1]  2  2  0  7  0  2  0 10  0  1  0  5

$density
 [1] 0.13793103 0.13793103 0.00000000 0.48275862 0.00000000 0.13793103
 [7] 0.00000000 0.68965517 0.00000000 0.06896552 0.00000000 0.34482759

$mids
 [1] 4.25 4.75 5.25 5.75 6.25 6.75 7.25 7.75 8.25 8.75 9.25 9.75

$xname
[1] "as.numeric(column)"

$equidist
[1] TRUE

attr(,"class")
[1] "histogram"
$breaks
 [1] 1.0 1.2 1.4 1.6 1.8 2.0 2.2 2.4 2.6 2.8 3.0 3.2 3.4 3.6 3.8 4.0

$counts
 [1]  4  0  0  0 13  0  0  0  0 10  0  0  0  0  2

$density
 [1] 0.6896552 0.0000000 0.0000000 0.0000000 2.2413793 0.0000000 0.0000000
 [8] 0.0000000 0.0000000 1.7241379 0.0000000 0.0000000 0.0000000 0.0000000
[15] 0.3448276

$mids
 [1] 1.1 1.3 1.5 1.7 1.9 2.1 2.3 2.5 2.7 2.9 3.1 3.3 3.5 3.7 3.9

$xname
[1] "as.numeric(column)"

$equidist
[1] TRUE

attr(,"class")
[1] "histogram"
$breaks
 [1] 0.0 0.2 0.4 0.6 0.8 1.0 1.2 1.4 1.6 1.8 2.0 2.2 2.4 2.6 2.8 3.0

$counts
 [1]  1  0  0  0 10  0  0  0  0 12  0  0  0  0  6

$density
 [1] 0.1724138 0.0000000 0.0000000 0.0000000 1.7241379 0.0000000 0.0000000
 [8] 0.0000000 0.0000000 2.0689655 0.0000000 0.0000000 0.0000000 0.0000000
[15] 1.0344828

$mids
 [1] 0.1 0.3 0.5 0.7 0.9 1.1 1.3 1.5 1.7 1.9 2.1 2.3 2.5 2.7 2.9

$xname
[1] "as.numeric(column)"

$equidist
[1] TRUE

attr(,"class")
[1] "histogram"
$breaks
 [1] 0.0 0.5 1.0 1.5 2.0 2.5 3.0 3.5 4.0 4.5 5.0

$counts
 [1]  2  6  0 10  0  7  0  3  0  1

$density
 [1] 0.13793103 0.41379310 0.00000000 0.68965517 0.00000000 0.48275862
 [7] 0.00000000 0.20689655 0.00000000 0.06896552

$mids
 [1] 0.25 0.75 1.25 1.75 2.25 2.75 3.25 3.75 4.25 4.75

$xname
[1] "as.numeric(column)"

$equidist
[1] TRUE

attr(,"class")
[1] "histogram"
$breaks
[1] -1  0

$counts
[1] 29

$density
[1] 1

$mids
[1] -0.5

$xname
[1] "as.numeric(column)"

$equidist
[1] TRUE

attr(,"class")
[1] "histogram"
