$breaks
 [1]   0  50 100 150 200 250 300 350 400 450 500 550 600 650

$counts
 [1] 50 50 50 50 50 50 50 50 50 50 50 50 14

$density
 [1] 0.0016286645 0.0016286645 0.0016286645 0.0016286645 0.0016286645
 [6] 0.0016286645 0.0016286645 0.0016286645 0.0016286645 0.0016286645
[11] 0.0016286645 0.0016286645 0.0004560261

$mids
 [1]  25  75 125 175 225 275 325 375 425 475 525 575 625

$xname
[1] "as.numeric(column)"

$equidist
[1] TRUE

attr(,"class")
[1] "histogram"
$breaks
 [1] 1.0 1.5 2.0 2.5 3.0 3.5 4.0 4.5 5.0 5.5 6.0 6.5 7.0

$counts
 [1]   7  33   0  82   0 164   0 194   0 115   0  19

$density
 [1] 0.02280130 0.10749186 0.00000000 0.26710098 0.00000000 0.53420195
 [7] 0.00000000 0.63192182 0.00000000 0.37459283 0.00000000 0.06188925

$mids
 [1] 1.25 1.75 2.25 2.75 3.25 3.75 4.25 4.75 5.25 5.75 6.25 6.75

$xname
[1] "as.numeric(column)"

$equidist
[1] TRUE

attr(,"class")
[1] "histogram"
$breaks
 [1] 1.0 1.5 2.0 2.5 3.0 3.5 4.0 4.5 5.0 5.5 6.0

$counts
 [1]  13  27   0  84   0 145   0 179   0 166

$density
 [1] 0.04234528 0.08794788 0.00000000 0.27361564 0.00000000 0.47231270
 [7] 0.00000000 0.58306189 0.00000000 0.54071661

$mids
 [1] 1.25 1.75 2.25 2.75 3.25 3.75 4.25 4.75 5.25 5.75

$xname
[1] "as.numeric(column)"

$equidist
[1] TRUE

attr(,"class")
[1] "histogram"
$breaks
 [1] 0.00 0.05 0.10 0.15 0.20 0.25 0.30 0.35 0.40 0.45 0.50 0.55 0.60 0.65 0.70
[16] 0.75 0.80 0.85 0.90 0.95 1.00

$counts
 [1] 338   0   0   0   0   0   0   0   0   0   0   0   0   0   0   0   0   0   0
[20] 276

$density
 [1] 11.009772  0.000000  0.000000  0.000000  0.000000  0.000000  0.000000
 [8]  0.000000  0.000000  0.000000  0.000000  0.000000  0.000000  0.000000
[15]  0.000000  0.000000  0.000000  0.000000  0.000000  8.990228

$mids
 [1] 0.025 0.075 0.125 0.175 0.225 0.275 0.325 0.375 0.425 0.475 0.525 0.575
[13] 0.625 0.675 0.725 0.775 0.825 0.875 0.925 0.975

$xname
[1] "as.numeric(column)"

$equidist
[1] TRUE

attr(,"class")
[1] "histogram"
$breaks
[1] -1  0

$counts
[1] 614

$density
[1] 1

$mids
[1] -0.5

$xname
[1] "as.numeric(column)"

$equidist
[1] TRUE

attr(,"class")
[1] "histogram"
