$breaks
 [1]  1  2  3  4  5  6  7  8  9 10 11 12 13 14 15 16 17 18

$counts
 [1] 2 1 1 1 1 1 1 1 1 1 1 1 1 1 1 1 1

$density
 [1] 0.11111111 0.05555556 0.05555556 0.05555556 0.05555556 0.05555556
 [7] 0.05555556 0.05555556 0.05555556 0.05555556 0.05555556 0.05555556
[13] 0.05555556 0.05555556 0.05555556 0.05555556 0.05555556

$mids
 [1]  1.5  2.5  3.5  4.5  5.5  6.5  7.5  8.5  9.5 10.5 11.5 12.5 13.5 14.5 15.5
[16] 16.5 17.5

$xname
[1] "as.numeric(column)"

$equidist
[1] TRUE

attr(,"class")
[1] "histogram"
$breaks
 [1]  4.0  4.5  5.0  5.5  6.0  6.5  7.0  7.5  8.0  8.5  9.0  9.5 10.0

$counts
 [1] 3 2 0 2 0 2 0 3 0 4 0 2

$density
 [1] 0.3333333 0.2222222 0.0000000 0.2222222 0.0000000 0.2222222 0.0000000
 [8] 0.3333333 0.0000000 0.4444444 0.0000000 0.2222222

$mids
 [1] 4.25 4.75 5.25 5.75 6.25 6.75 7.25 7.75 8.25 8.75 9.25 9.75

$xname
[1] "as.numeric(column)"

$equidist
[1] TRUE

attr(,"class")
[1] "histogram"
$breaks
 [1] 1.0 1.2 1.4 1.6 1.8 2.0 2.2 2.4 2.6 2.8 3.0 3.2 3.4 3.6 3.8 4.0

$counts
 [1] 2 0 0 0 5 0 0 0 0 9 0 0 0 0 2

$density
 [1] 0.5555556 0.0000000 0.0000000 0.0000000 1.3888889 0.0000000 0.0000000
 [8] 0.0000000 0.0000000 2.5000000 0.0000000 0.0000000 0.0000000 0.0000000
[15] 0.5555556

$mids
 [1] 1.1 1.3 1.5 1.7 1.9 2.1 2.3 2.5 2.7 2.9 3.1 3.3 3.5 3.7 3.9

$xname
[1] "as.numeric(column)"

$equidist
[1] TRUE

attr(,"class")
[1] "histogram"
$breaks
 [1] 0.0 0.5 1.0 1.5 2.0 2.5 3.0 3.5 4.0 4.5 5.0

$counts
 [1] 3 2 0 4 0 6 0 1 0 2

$density
 [1] 0.3333333 0.2222222 0.0000000 0.4444444 0.0000000 0.6666667 0.0000000
 [8] 0.1111111 0.0000000 0.2222222

$mids
 [1] 0.25 0.75 1.25 1.75 2.25 2.75 3.25 3.75 4.25 4.75

$xname
[1] "as.numeric(column)"

$equidist
[1] TRUE

attr(,"class")
[1] "histogram"
$breaks
 [1] 0.0 0.1 0.2 0.3 0.4 0.5 0.6 0.7 0.8 0.9 1.0 1.1 1.2 1.3 1.4 1.5 1.6 1.7 1.8
[20] 1.9 2.0

$counts
 [1] 3 0 0 0 0 0 0 0 0 9 0 0 0 0 0 0 0 0 0 6

$density
 [1] 1.666667 0.000000 0.000000 0.000000 0.000000 0.000000 0.000000 0.000000
 [9] 0.000000 5.000000 0.000000 0.000000 0.000000 0.000000 0.000000 0.000000
[17] 0.000000 0.000000 0.000000 3.333333

$mids
 [1] 0.05 0.15 0.25 0.35 0.45 0.55 0.65 0.75 0.85 0.95 1.05 1.15 1.25 1.35 1.45
[16] 1.55 1.65 1.75 1.85 1.95

$xname
[1] "as.numeric(column)"

$equidist
[1] TRUE

attr(,"class")
[1] "histogram"
$breaks
[1] -1  0

$counts
[1] 18

$density
[1] 1

$mids
[1] -0.5

$xname
[1] "as.numeric(column)"

$equidist
[1] TRUE

attr(,"class")
[1] "histogram"
