TableGrob (2 x 2) "arrange": 4 grobs
  z     cells    name           grob
1 1 (1-1,1-1) arrange gtable[layout]
2 2 (1-1,2-2) arrange gtable[layout]
3 3 (2-2,1-1) arrange gtable[layout]
4 4 (2-2,2-2) arrange gtable[layout]
TableGrob (3 x 2) "arrange": 5 grobs
  z     cells    name           grob
1 1 (1-1,1-1) arrange gtable[layout]
2 2 (1-1,2-2) arrange gtable[layout]
3 3 (2-2,1-1) arrange gtable[layout]
4 4 (2-2,2-2) arrange gtable[layout]
5 5 (3-3,1-1) arrange gtable[layout]
TableGrob (2 x 2) "arrange": 3 grobs
  z     cells    name           grob
1 1 (1-1,1-1) arrange gtable[layout]
2 2 (1-1,2-2) arrange gtable[layout]
3 3 (2-2,1-1) arrange gtable[layout]
[1] "apriori means"
     Simple_UC Average_UC Complex_UC
[1,]     5.292      8.938     14.486
[1] "apriori variance"
     Simple_UC Average_UC Complex_UC
[1,]   0.16112    1.20407    1.32028
[1] "variance-covariance matrix for apriori data"
           Simple_UC Average_UC Complex_UC
Simple_UC    0.16112    0.19348    0.21956
Average_UC   0.19348    1.20407    1.11829
Complex_UC   0.21956    1.11829    1.32028
[1] "apriori w1"
     Simple_UC Average_UC Complex_UC
[1,]  6.206554  0.8305165  0.7574151
[1] "weighted apriori calibrated parameters"
     Simple_UC Average_UC Complex_UC
[1,]  32.84508   7.423156   10.97192
[1] "norm factor"
     UCP 
7.079354 
[1] "normalized UUCW"
 [1]  22.24741 110.86094 161.49676  81.94904  96.54439  40.36429  88.13055
 [8]  78.14213  40.43949 120.24173  22.64606 247.40049 238.30642 138.49086
[15] 105.62623 241.56872 350.28400  81.77969  47.86992 317.50145 138.59250
[22] 124.57146 273.40946 525.61486  67.63394  12.25321  15.44091  14.13324
[29]  13.86141  20.42046  16.99664  13.52886  24.95675  92.49110  35.63904
[36]  95.58132 215.76010 108.38059  38.78062 493.06570 164.00314
[1] "regression residual variance"
[1] 7767.967
[1] "regression variance"
     Simple_UC Average_UC Complex_UC
[1,]  3.649416   6.884471   6.073613
[1] "regression parameters"
     Simple_UC Average_UC Complex_UC
[1,]  4.012605   7.108355   16.69261
[1] "regression w2"
     Simple_UC Average_UC Complex_UC
[1,] 0.2740165  0.1452544  0.1646467
[1] "weighted regression calibrated parameters"
     Simple_UC Average_UC Complex_UC
[1,]   1.09952    1.03252   2.748383
[1] "w1+w2"
     Simple_UC Average_UC Complex_UC
[1,] 0.1543074   1.024831   1.084526
[1] "c1+c2"
     Simple_UC Average_UC Complex_UC
[1,]   33.9446   8.455677    13.7203
[1] "bayesian averaged coefficients"
     Simple_UC Average_UC Complex_UC
[1,]  5.237904   8.665637   14.88002
[1] "bayesian variance"
     Simple_UC Average_UC Complex_UC
[1,] 0.1543074   1.024831   1.084526
[1] "comparison between the means"
[1] "bayesian estimates"
     Simple_UC Average_UC Complex_UC
[1,]  5.237904   8.665637   14.88002
     Simple_UC Average_UC Complex_UC
[1,] 0.1543074   1.024831   1.084526
[1] "regression estimates"
     Simple_UC Average_UC Complex_UC
[1,]  4.012605   7.108355   16.69261
     Simple_UC Average_UC Complex_UC
[1,]  3.649416   6.884471   6.073613
[1] "apriori estimates"
     Simple_UC Average_UC Complex_UC
[1,]     5.292      8.938     14.486
     Simple_UC Average_UC Complex_UC
[1,]   0.16112    1.20407    1.32028
   UC_Simple UC_Average UC_Complex  bayesian regression apriori    actual
1          8          3          1  82.78016   70.11852  83.636  22.24741
2          1          2          7 126.72932  135.07761 124.570 110.86094
3          3          9          3 138.34451  126.09085 139.776 161.49676
4          1          6          4 116.75181  113.43319 116.864  81.94904
5          2         17          2 187.55168  162.25248 191.502  96.54439
6          6          3          2  87.18437   78.78592  87.538  40.36429
7          5          8          3 140.15468  127.00771 141.422  88.13055
8         33          2          1 205.06211  163.32528 206.998  78.14213
9          6          3          1  72.30435   62.09331  73.052  40.43949
10         2          5          4 113.32407  110.33744 113.218 120.24173
11         4          3          1  61.82855   54.06810  62.468  22.64606
12         4          3          4 106.46861  104.14594 105.926 247.40049
13         4         21          1 217.81001  182.01850 223.352 238.30642
14        12          5          6 195.46315  183.84871 195.110 138.49086
15        16          6          2 165.56032  140.23704 167.272 105.62623
16         5          2         13 236.96106  251.28371 232.654 241.56872
17         2          9         27 490.22710  522.70097 482.148 350.28400
18         8          1          4 110.08895  105.97965 109.218  81.77969
19         4          3          5 121.34863  120.83855 120.412  47.86992
20         2          5         16 291.88432  310.64880 287.050 317.50145
21        11          9          4 195.12776  174.88431 196.598 138.59250
22        13          3          2 123.84970  106.87416 124.582 124.57146
23        15         13          3 235.86190  202.67553 239.032 273.40946
24         6          7         16 330.16721  340.91593 326.094 525.61486
25         4         15          1 165.81619  139.36836 169.724  67.63394
26         1          1          0  13.90354   11.12096  14.230  12.25321
27         3          0          0  15.71371   12.03781  15.876  15.44091
28         2          0          0  10.47581    8.02521  10.584  14.13324
29         2          0          0  10.47581    8.02521  10.584  13.86141
30         2          0          0  10.47581    8.02521  10.584  20.42046
31         2          0          0  10.47581    8.02521  10.584  16.99664
32         2          0          0  10.47581    8.02521  10.584  13.52886
33         2          0          0  10.47581    8.02521  10.584  24.95675
34         0          0          1  14.88002   16.69261  14.486  92.49110
35         0          0          1  14.88002   16.69261  14.486  35.63904
36         1          1          1  28.78356   27.81357  28.716  95.58132
37        18          1          0 102.94790   79.33524 104.194 215.76010
38         0          2          0  17.33127   14.21671  17.876 108.38059
39         0          1          1  23.54566   23.80097  23.424  38.78062
40         2          2          6 117.08721  122.39760 115.376 493.06570
41         0          4          1  49.54257   45.12604  50.238 164.00314
   bayesian_residual regression_residual apriori_residual
1         60.5327484           47.871106      61.38858788
2         15.8683797           24.216666      13.70905667
3         23.1522505           35.405902      21.72075576
4         34.8027701           31.484153      34.91496188
5         91.0072814           65.708084      94.95760541
6         46.8200844           38.421632      47.17371040
7         52.0241267           38.877159      53.29145107
8        126.9199839           85.183152     128.85586966
9         31.8648596           21.653815      32.61250636
10         6.9176578            9.904292       7.02373266
11        39.1824824           31.422035      39.82193641
12       140.9318797          143.254549     141.47448810
13        20.4964099           56.287923      14.95441997
14        56.9722902           45.357852      56.61913740
15        59.9340868           34.610802      61.64576577
16         4.6076569            9.714989       8.91471925
17       139.9431043          172.416972     131.86400346
18        28.3092586           24.199957      27.43830950
19        73.4787081           72.968631      72.54207894
20        25.6171243            6.852649      30.45144878
21        56.5352518           36.291802      58.00549673
22         0.7217607           17.697305       0.01053992
23        37.5475624           70.733926      34.37745876
24       195.4476519          184.698934     199.52086468
25        98.1822462           71.734422     102.09005750
26         1.6503269            1.132253       1.97678638
27         0.2728027            3.403094       0.43509182
28         3.6574318            6.108029       3.54923905
29         3.3856008            5.836198       3.27740809
30         9.9446560           12.395254       9.83646326
31         6.5208291            8.971427       6.41263634
32         3.0530514            5.503649       2.94485861
33        14.4809432           16.931541      14.37275043
34        77.6110805           75.798488      78.00510127
35        20.7590163           18.946424      21.15303707
36        66.7977632           67.767751      66.86532453
37       112.8122001          136.424861     111.56610231
38        91.0493122           94.163875      90.50458599
39        15.2349600           14.979649      15.35661768
40       375.9784951          370.668100     377.68970097
41       114.4605677          118.877101     113.76513607
[1] "residual sum of squares"
     regression_rrs bayesian_rrs apriori_rrs
[1,]       320417.9     330593.6    333313.9
[1] "regression mmre"
[1] 56.9482
[1] "bayesian mmre"
[1] 58.1826
[1] "apriori mmre"
[1] 58.36804

Call:
lm(formula = norm_UUCW ~ Simple_UC + Average_UC + Complex_UC - 
    1, data = useCaseData)

Residuals:
    Min      1Q  Median      3Q     Max 
-172.42  -34.61    5.84   35.41  370.67 

Coefficients:
           Estimate Std. Error t value Pr(>|t|)    
Simple_UC     4.013      1.990   2.016   0.0509 .  
Average_UC    7.108      2.734   2.600   0.0132 *  
Complex_UC   16.693      2.568   6.501 1.17e-07 ***
---
Signif. codes:  0 '***' 0.001 '**' 0.01 '*' 0.05 '.' 0.1 ' ' 1

Residual standard error: 91.83 on 38 degrees of freedom
Multiple R-squared:  0.7472,	Adjusted R-squared:  0.7273 
F-statistic: 37.44 on 3 and 38 DF,  p-value: 1.962e-11

[1] "data frame 1"
         dens1     lines1
1    5.1487488   A-Priori
2    5.5971307   A-Priori
3    5.2334662   A-Priori
4    5.4511422   A-Priori
5    5.1491375   A-Priori
6    5.2076802   A-Priori
7    5.4191655   A-Priori
8    5.1788343   A-Priori
9    5.4309474   A-Priori
10   5.3709552   A-Priori
11   5.1667384   A-Priori
12   5.1237340   A-Priori
13   5.1859640   A-Priori
14   5.1927277   A-Priori
15   5.1205808   A-Priori
16   5.2974581   A-Priori
17   5.3601994   A-Priori
18   5.2923325   A-Priori
19   5.7140897   A-Priori
20   5.2970255   A-Priori
21   5.1573158   A-Priori
22   5.2976028   A-Priori
23   5.0510761   A-Priori
24   5.2796012   A-Priori
25   5.4739131   A-Priori
26   5.2261109   A-Priori
27   5.4229473   A-Priori
28   5.0708166   A-Priori
29   5.1399883   A-Priori
30   5.2977595   A-Priori
31   5.2874036   A-Priori
32   5.1722959   A-Priori
33   5.4438109   A-Priori
34   5.4924362   A-Priori
35   5.2064795   A-Priori
36   5.2964606   A-Priori
37   5.2083859   A-Priori
38   5.1534490   A-Priori
39   5.2107707   A-Priori
40   5.1842906   A-Priori
41   5.4239764   A-Priori
42   5.2569987   A-Priori
43   5.4079620   A-Priori
44   5.2656642   A-Priori
45   5.0937172   A-Priori
46   5.2013254   A-Priori
47   5.3393134   A-Priori
48   4.9254612   A-Priori
49   4.9393703   A-Priori
50   5.6643280   A-Priori
51   5.2718889   A-Priori
52   5.1999011   A-Priori
53   5.2475379   A-Priori
54   5.5970580   A-Priori
55   5.0817211   A-Priori
56   5.5969884   A-Priori
57   5.1967867   A-Priori
58   5.3070275   A-Priori
59   5.3136013   A-Priori
60   5.1146698   A-Priori
61   5.2391181   A-Priori
62   5.1993686   A-Priori
63   5.2587000   A-Priori
64   5.4730557   A-Priori
65   5.3452274   A-Priori
66   5.2696124   A-Priori
67   5.0948903   A-Priori
68   5.2099961   A-Priori
69   5.3438613   A-Priori
70   5.2691134   A-Priori
71   5.4425786   A-Priori
72   5.4523454   A-Priori
73   5.3830534   A-Priori
74   5.1637434   A-Priori
75   5.1585992   A-Priori
76   5.4734627   A-Priori
77   5.0983675   A-Priori
78   5.1587081   A-Priori
79   5.1626353   A-Priori
80   5.3315305   A-Priori
81   5.3551317   A-Priori
82   5.2520979   A-Priori
83   5.4014764   A-Priori
84   5.2575726   A-Priori
85   5.2447998   A-Priori
86   5.0348563   A-Priori
87   5.4551975   A-Priori
88   5.2527408   A-Priori
89   5.4803102   A-Priori
90   5.1704857   A-Priori
91   5.7884722   A-Priori
92   5.2869569   A-Priori
93   5.2887840   A-Priori
94   5.2168452   A-Priori
95   5.3560210   A-Priori
96   5.4285762   A-Priori
97   5.5911030   A-Priori
98   5.6369464   A-Priori
99   5.0273551   A-Priori
100  5.3061692   A-Priori
101  5.0855185 Regression
102  1.3114468 Regression
103 -3.2048383 Regression
104  8.5946649 Regression
105  2.8815940 Regression
106  1.7055453 Regression
107  7.2562160 Regression
108  1.7977344 Regression
109  6.6573056 Regression
110  3.3736820 Regression
111  4.2271667 Regression
112 11.5211234 Regression
113  0.6326046 Regression
114  6.3697130 Regression
115 10.6735502 Regression
116  0.9682247 Regression
117 -1.5040446 Regression
118  4.0792566 Regression
119  4.1394914 Regression
120 -5.1210931 Regression
121  4.4328520 Regression
122  1.7936761 Regression
123  1.4124360 Regression
124  2.0836057 Regression
125  6.9416591 Regression
126  2.5652232 Regression
127  4.4188336 Regression
128  5.4739989 Regression
129  0.5600282 Regression
130  9.0513449 Regression
131  1.0664163 Regression
132  6.5955579 Regression
133  4.2022083 Regression
134  5.8503382 Regression
135  8.6978714 Regression
136  8.9334458 Regression
137  5.9997809 Regression
138  0.1447425 Regression
139 12.6685951 Regression
140 10.1804840 Regression
141  4.5003857 Regression
142  4.6323816 Regression
143  8.3495366 Regression
144  2.3315589 Regression
145 10.8485188 Regression
146  4.8820097 Regression
147  4.4216172 Regression
148  0.6139640 Regression
149  3.4070634 Regression
150  3.9378926 Regression
151  3.5525793 Regression
152  1.1471965 Regression
153  1.8131144 Regression
154  3.1810496 Regression
155  1.7816499 Regression
156  2.5446236 Regression
157  6.0942668 Regression
158  1.1876189 Regression
159  4.5186876 Regression
160 -0.1194656 Regression
161  9.2813282 Regression
162 10.5625253 Regression
163  7.0195678 Regression
164 17.0463855 Regression
165  6.7229042 Regression
166  7.6959314 Regression
167  5.6517572 Regression
168  8.8837423 Regression
169  5.2879992 Regression
170  8.1338391 Regression
171  6.7947754 Regression
172  1.6918497 Regression
173  0.7979690 Regression
174 -0.9875538 Regression
175  6.5578206 Regression
176  1.8379233 Regression
177  5.0154947 Regression
178  9.7971742 Regression
179  2.6898081 Regression
180 -0.7360541 Regression
181  6.1091883 Regression
182  3.4976281 Regression
183  0.0909282 Regression
184  4.6378186 Regression
185 -1.5577156 Regression
186  7.3142704 Regression
187  7.0810396 Regression
188  0.8599970 Regression
189  7.8333434 Regression
190  6.7688810 Regression
191 -2.0137341 Regression
192  4.7155338 Regression
193 -2.7643048 Regression
194 11.5943690 Regression
195  4.6778855 Regression
196  3.1128933 Regression
197  4.7126926 Regression
198  1.0782685 Regression
199  1.3003196 Regression
200 -4.2605593 Regression
201  5.0704755   Bayesian
202  5.0084297   Bayesian
203  5.3647799   Bayesian
204  5.1518653   Bayesian
205  5.0253553   Bayesian
206  5.3418138   Bayesian
207  5.3151002   Bayesian
208  5.3718389   Bayesian
209  5.3034345   Bayesian
210  5.2062861   Bayesian
211  5.1947099   Bayesian
212  5.4097304   Bayesian
213  5.0164977   Bayesian
214  5.1591906   Bayesian
215  5.2559802   Bayesian
216  5.4077699   Bayesian
217  5.2399379   Bayesian
218  5.5903078   Bayesian
219  5.3456402   Bayesian
220  4.9610243   Bayesian
221  5.2236274   Bayesian
222  5.3919550   Bayesian
223  5.2248321   Bayesian
224  5.2181837   Bayesian
225  4.9043014   Bayesian
226  5.4021427   Bayesian
227  5.0526567   Bayesian
228  5.0266619   Bayesian
229  5.3972889   Bayesian
230  5.1229433   Bayesian
231  5.4079611   Bayesian
232  5.3259462   Bayesian
233  5.0873390   Bayesian
234  5.2029443   Bayesian
235  5.3140846   Bayesian
236  5.2281157   Bayesian
237  5.4250551   Bayesian
238  5.2195321   Bayesian
239  5.3030355   Bayesian
240  5.0917615   Bayesian
241  5.2405301   Bayesian
242  5.1084290   Bayesian
243  5.1492763   Bayesian
244  5.4678174   Bayesian
245  5.4268972   Bayesian
246  5.2163492   Bayesian
247  5.1200743   Bayesian
248  5.3352474   Bayesian
249  5.5207199   Bayesian
250  5.1656360   Bayesian
251  5.1703649   Bayesian
252  5.2183412   Bayesian
253  5.1746516   Bayesian
254  5.0297414   Bayesian
255  5.0977229   Bayesian
256  5.3901376   Bayesian
257  5.3069752   Bayesian
258  5.0168499   Bayesian
259  5.3848985   Bayesian
260  5.2566191   Bayesian
261  5.5265488   Bayesian
262  5.2416744   Bayesian
263  5.4056535   Bayesian
264  5.3526467   Bayesian
265  5.1163885   Bayesian
266  5.1211475   Bayesian
267  5.0990430   Bayesian
268  5.2660079   Bayesian
269  5.2643083   Bayesian
270  5.1550562   Bayesian
271  5.3055812   Bayesian
272  5.2223119   Bayesian
273  5.3343190   Bayesian
274  5.2591004   Bayesian
275  5.2577000   Bayesian
276  5.0777107   Bayesian
277  5.2102204   Bayesian
278  5.1288728   Bayesian
279  5.2291033   Bayesian
280  5.4838444   Bayesian
281  5.2904368   Bayesian
282  5.2002269   Bayesian
283  5.4594664   Bayesian
284  5.4560819   Bayesian
285  5.4233704   Bayesian
286  5.1930663   Bayesian
287  5.6473734   Bayesian
288  4.9933457   Bayesian
289  5.1653545   Bayesian
290  5.1147763   Bayesian
291  5.2987748   Bayesian
292  5.1094641   Bayesian
293  5.2700502   Bayesian
294  5.3516882   Bayesian
295  5.2359334   Bayesian
296  5.3175471   Bayesian
297  5.1093541   Bayesian
298  5.2794100   Bayesian
299  5.3587453   Bayesian
300  5.2017401   Bayesian
TableGrob (2 x 1) "arrange": 2 grobs
  z     cells    name              grob
1 1 (1-1,1-1) arrange   gtable[arrange]
2 2 (2-2,1-1) arrange gtable[guide-box]
[1] "calculate regression parameters"
[1] "fold norm factor"
     UCP 
6.956873 
[1] "normalized UUCW"
 [1]  94.11948  13.76704  17.29588  89.68216 126.76464 141.03253 356.45103
 [8] 164.34003  68.82469 278.22305 110.28871  79.51788  41.15146  14.10545
[15]  83.21949 245.82173 251.75617  41.07494  83.39182  39.46338 112.81274
[22]  97.26411  48.71271 219.55873  14.38207 107.48587  36.26649 501.74652
[29]  22.63910  20.77998  23.04477 166.89054  98.24414  25.39613
[1] "regression residual variance"
[1] 8074.344
[1] "regression variance"
     Simple_UC Average_UC Complex_UC
[1,]  4.105596   11.02423   9.516297
[1] "fold regression parameters"
     Simple_UC Average_UC Complex_UC
[1,]  4.559291   5.896752   14.85451
[1] "regression w2"
     Simple_UC Average_UC Complex_UC
[1,]   0.24357 0.09070932  0.1050829
[1] "weighted regression calibrated parameters"
     Simple_UC Average_UC Complex_UC
[1,]  1.110506  0.5348904   1.560955
[1] "calculate fold averaged coefficients"
[1] "foldAverageCoefs"
     Simple_UC Average_UC Complex_UC
[1,]  5.264331   8.638541    14.5309
[1] "calculate fold testing norm factor"
[1] "fold testing norm factor"
    UCP 
7.65854 
[1] "normalized UUCW"
[1] 220.28420 111.14830  14.27317  11.32655 128.01732 293.49001 485.86459
[1] "bayesian testing set predication"
   predicted    actual
13 216.99758 220.28420
10 111.84496 111.14830
27  15.79299  14.27317
26  13.90287  11.32655
14 193.55007 128.01732
20 286.21574 293.49001
24 324.55014 485.86459
[1] 0.1748334
[1] 0.5714286 0.7142857 0.8571429
[1] "apriori testing set predication"
   predicted    actual
13   223.352 238.30642
10   113.218 120.24173
27    15.876  15.44091
26    14.230  12.25321
14   195.110 138.49086
20   287.050 317.50145
24   326.094 525.61486
[1] 0.1707152
[1] 0.5714286 0.7142857 1.0000000
[1] "regression testing set predication"
                actual
13 156.92347 238.30642
10  98.02040 120.24173
27  13.67787  15.44091
26  10.45604  12.25321
14 173.32234 138.49086
20 276.27457 317.50145
24 306.30524 525.61486
[1] 0.226537
[1] 0.4285714 0.5714286 1.0000000
[1] "original use case weights testing set predication"
   predicted    actual
13       245 238.30642
10       120 120.24173
27        15  15.44091
26        15  12.25321
14       200 138.49086
20       300 317.50145
24       340 525.61486
[1] 0.1621745
[1] 0.5714286 0.7142857 1.0000000
[1] "calculate regression parameters"
[1] "fold norm factor"
     UCP 
8.960839 
[1] "normalized UUCW"
 [1] 188.269807  94.994872  12.198819   9.680436 109.412277 250.836450
 [7] 415.252804 127.587679  53.433010 216.002347  85.624181  61.734819
[13]  31.948513  10.950962  64.608610 190.847129 195.454416  31.889099
[19]  64.742400  30.637947  87.583744  75.512349  37.818791 170.457484
[25]  11.165718  83.448154  28.155996 389.537908  17.576178  16.132829
[31]  17.891125 129.567801  76.273205  19.716643
[1] "regression residual variance"
[1] 4760.279
[1] "regression variance"
     Simple_UC Average_UC Complex_UC
[1,]  2.508944   4.444947   6.596329
[1] "fold regression parameters"
     Simple_UC Average_UC Complex_UC
[1,]   2.42387   5.588643   17.70268
[1] "regression w2"
     Simple_UC Average_UC Complex_UC
[1,] 0.3985741  0.2249746  0.1515995
[1] "weighted regression calibrated parameters"
     Simple_UC Average_UC Complex_UC
[1,] 0.9660918   1.257303   2.683716
[1] "calculate fold averaged coefficients"
[1] "foldAverageCoefs"
     Simple_UC Average_UC Complex_UC
[1,]  5.118928   8.224095   15.02246
[1] "calculate fold testing norm factor"
[1] "fold testing norm factor"
     UCP 
4.831486 
[1] "normalized UUCW"
[1] 135.52296  19.82322  24.90439 129.13365 182.52884 203.07323 513.25506
[1] "bayesian testing set predication"
   predicted    actual
34  15.02246 135.52296
32  10.23786  19.82322
31  10.23786  24.90439
7  136.45477 129.13365
22 121.26326 182.52884
21 190.41489 203.07323
17 489.86103 513.25506
[1] 0.3516949
[1] 0.4285714 0.4285714 0.7142857
[1] "apriori testing set predication"
   predicted    actual
34    14.486  92.49110
32    10.584  13.52886
31    10.584  16.99664
7    141.422  88.13055
22   124.582 124.57146
21   196.598 138.59250
17   482.148 350.28400
[1] 0.405442
[1] 0.1428571 0.2857143 0.7142857
[1] "regression testing set predication"
                actual
34  17.70268  92.49110
32   4.84774  13.52886
31   4.84774  16.99664
7  109.93653  88.13055
22  83.68159 124.57146
21 147.77106 138.59250
17 533.11779 350.28400
[1] 0.4755594
[1] 0.1428571 0.2857143 0.4285714
[1] "original use case weights testing set predication"
   predicted    actual
34        15  92.49110
32        10  13.52886
31        10  16.99664
7        150  88.13055
22       125 124.57146
21       205 138.59250
17       505 350.28400
[1] 0.4480878
[1] 0.1428571 0.1428571 0.7142857
[1] "calculate regression parameters"
[1] "fold norm factor"
     UCP 
7.452989 
[1] "normalized UUCW"
 [1] 226.35957 114.21374  14.66682  11.63893 131.54800 301.58437 499.26458
 [8]  87.85431  12.85063  16.14456  83.71236 118.32641 131.64454 332.72345
[15]  77.67989 229.45832 234.99773  38.34073  77.84074  36.83646 105.30323
[22]  90.78961  45.47009 204.94355  13.42471 100.33095  33.85237 468.34718
[29]  21.13210  19.39674  21.51076 155.78128  91.70440  23.70561
[1] "regression residual variance"
[1] 7698.416
[1] "regression variance"
     Simple_UC Average_UC Complex_UC
[1,]  7.658704   10.01528   6.444183
[1] "fold regression parameters"
     Simple_UC Average_UC Complex_UC
[1,]   5.81508   5.798468   15.51879
[1] "regression w2"
     Simple_UC Average_UC Complex_UC
[1,] 0.1305704 0.09984744  0.1551787
[1] "weighted regression calibrated parameters"
     Simple_UC Average_UC Complex_UC
[1,] 0.7592773  0.5789622   2.408186
[1] "calculate fold averaged coefficients"
[1] "foldAverageCoefs"
     Simple_UC Average_UC Complex_UC
[1,]  5.302778   8.601063   14.66162
[1] "calculate fold testing norm factor"
[1] "fold testing norm factor"
     UCP 
4.574554 
[1] "normalized UUCW"
[1] 249.92439 104.66694 423.11495 167.72443 120.92890  62.58216  21.45123
[1] "bayesian testing set predication"
   predicted    actual
3  137.30275 249.92439
25 164.88867 104.66694
23 235.34033 423.11495
38  17.20213 167.72443
8  206.85540 120.92890
9   72.28147  62.58216
29  10.60556  21.45123
[1] 0.5340505
[1] 0.0000000 0.1428571 0.4285714
[1] "apriori testing set predication"
   predicted    actual
3    139.776 161.49676
25   169.724  67.63394
23   239.032 273.40946
38    17.876 108.38059
8    206.998  78.14213
9     73.052  40.43949
29    10.584  13.86141
[1] 0.7566617
[1] 0.2857143 0.4285714 0.4285714
[1] "regression testing set predication"
                actual
3  116.18781 161.49676
25 125.75613  67.63394
23 209.16265 273.40946
38  11.59694 108.38059
8  219.01337  78.14213
9   67.80467  40.43949
29  11.63016  13.86141
[1] 0.7011888
[1] 0.0000000 0.2857143 0.4285714
[1] "original use case weights testing set predication"
   predicted    actual
3        150 161.49676
25       185  67.63394
23       250 273.40946
38        20 108.38059
8        200  78.14213
9         75  40.43949
29        10  13.86141
[1] 0.7714602
[1] 0.2857143 0.2857143 0.4285714
[1] "calculate regression parameters"
[1] "fold norm factor"
     UCP 
7.153341 
[1] "normalized UUCW"
 [1] 235.84161 118.99807  15.28120  12.12648 137.05845 314.21753 520.17843
 [8]  91.53447  13.38893  16.82084  87.21901 123.28302 137.15904 346.66101
[15] 159.82639  66.93440 270.58158 107.25960  77.33391  40.02123  13.71804
[22] 109.71431  94.59273  47.37480 213.52849  13.98706 104.53374  35.27042
[29] 487.96592  22.01731  20.20925  22.41184 162.30685  95.54584  24.69862
[1] "regression residual variance"
[1] 8254.651
[1] "regression variance"
     Simple_UC Average_UC Complex_UC
[1,]  4.037742   7.631135   7.360662
[1] "fold regression parameters"
     Simple_UC Average_UC Complex_UC
[1,]  3.969974   7.025059   16.41611
[1] "regression w2"
     Simple_UC Average_UC Complex_UC
[1,] 0.2476632  0.1310421  0.1358573
[1] "weighted regression calibrated parameters"
     Simple_UC Average_UC Complex_UC
[1,] 0.9832165  0.9205785   2.230249
[1] "calculate fold averaged coefficients"
[1] "foldAverageCoefs"
     Simple_UC Average_UC Complex_UC
[1,]  5.241271   8.677303   14.77955
[1] "calculate fold testing norm factor"
[1] "fold testing norm factor"
     UCP 
6.057515 
[1] "normalized UUCW"
[1]  95.57506 282.31880 289.13433  47.17332  95.77297  45.32250
[1] "bayesian testing set predication"
   predicted    actual
18 109.72567  95.57506
16 235.69510 282.31880
12 106.11519 289.13433
6   87.03863  47.17332
4  116.42328  95.77297
39  23.45685  45.32250
[1] 0.4148897
[1] 0.1666667 0.5000000 0.6666667
[1] "apriori testing set predication"
   predicted    actual
18   109.218  81.77969
16   232.654 241.56872
12   105.926 247.40049
6     87.538  40.36429
4    116.864  81.94904
39    23.424  38.78062
[1] 0.4891676
[1] 0.1666667 0.1666667 0.6666667
[1] "regression testing set predication"
                actual
18 104.44930  81.77969
16 247.30944 241.56872
12 102.61952 247.40049
6   77.72725  40.36429
4  111.78477  81.94904
39  23.44117  38.78062
[1] 0.4285736
[1] 0.1666667 0.1666667 0.6666667
[1] "original use case weights testing set predication"
   predicted    actual
18       110  81.77969
16       240 241.56872
12       110 247.40049
6         90  40.36429
4        125  81.94904
39        25  38.78062
[1] 0.502888
[1] 0.1666667 0.1666667 0.5000000
[1] "calculate regression parameters"
[1] "fold norm factor"
   UCP 
6.8421 
[1] "normalized UUCW"
 [1] 246.56985 124.41119  15.97633  12.67810 143.29312 328.51101 543.84089
 [8]  95.69829  13.99798  17.58601  91.18653 128.89105 143.39829 362.43032
[15] 167.09676  69.97919 282.89011 112.13875  80.85176  41.84176  14.34206
[22]  84.61545 249.94527 255.97926  41.76395  84.79067  40.12536 510.16307
[29]  23.01886  21.12856  23.43133 169.69005  99.89213  25.82214
[1] "regression residual variance"
[1] 9005.023
[1] "regression variance"
     Simple_UC Average_UC Complex_UC
[1,]  5.452451   8.126931   7.375187
[1] "fold regression parameters"
     Simple_UC Average_UC Complex_UC
[1,]  2.981205   7.912698   17.77078
[1] "regression w2"
     Simple_UC Average_UC Complex_UC
[1,] 0.1834037  0.1230477  0.1355898
[1] "weighted regression calibrated parameters"
     Simple_UC Average_UC Complex_UC
[1,] 0.5467641   0.973639   2.409536
[1] "calculate fold averaged coefficients"
[1] "foldAverageCoefs"
     Simple_UC Average_UC Complex_UC
[1,]  5.225676   8.805695   14.98475
[1] "calculate fold testing norm factor"
[1] "fold testing norm factor"
     UCP 
10.08237 
[1] "normalized UUCW"
[1]  77.841232  67.112617  33.611960 151.496386   9.923682  74.165671  25.024021
[1] "bayesian testing set predication"
   predicted     actual
2  127.73029  77.841232
36  29.01612  67.112617
19 122.24352  33.611960
37 102.86786 151.496386
28  10.45135   9.923682
15 166.41448  74.165671
35  14.98475  25.024021
[1] 0.8378044
[1] 0.1428571 0.1428571 0.4285714
[1] "apriori testing set predication"
   predicted    actual
2    124.570 110.86094
36    28.716  95.58132
19   120.412  47.86992
37   104.194 215.76010
28    10.584  14.13324
15   167.272 105.62623
35    14.486  35.63904
[1] 0.611999
[1] 0.1428571 0.1428571 0.2857143
[1] "regression testing set predication"
                actual
2  143.20205 110.86094
36  28.66468  95.58132
19 124.51680  47.86992
37  61.57438 215.76010
28   5.96241  14.13324
15 130.71702 105.62623
35  17.77078  35.63904
[1] 0.6606619
[1] 0.0000000 0.1428571 0.2857143
[1] "original use case weights testing set predication"
   predicted    actual
2        130 110.86094
36        30  95.58132
19       125  47.86992
37       100 215.76010
28        10  14.13324
15       170 105.62623
35        15  35.63904
[1] 0.6410781
[1] 0.0000000 0.1428571 0.2857143
[1] "calculate regression parameters"
[1] "fold norm factor"
     UCP 
5.861068 
[1] "normalized UUCW"
 [1] 287.84098 145.23527  18.65047  14.80018 167.27768 383.49755 634.86958
 [8] 111.71637  16.34098  20.52957 106.44943 150.46498 167.40045 423.09430
[15] 195.06560  81.69239 330.24056 130.90866  94.38481  48.84528  16.74265
[22]  98.77848 291.78138 298.82535  48.75444  98.98303  46.84159 133.90459
[29] 115.44893  57.82020 260.60817  17.07099 127.58179  43.04700
[1] "regression residual variance"
[1] 6784.14
[1] "regression variance"
     Simple_UC Average_UC Complex_UC
[1,]  3.378461   7.844661   5.583197
[1] "fold regression parameters"
     Simple_UC Average_UC Complex_UC
[1,]  4.816892   9.925642    17.9814
[1] "regression w2"
     Simple_UC Average_UC Complex_UC
[1,] 0.2959928  0.1274752  0.1791088
[1] "weighted regression calibrated parameters"
     Simple_UC Average_UC Complex_UC
[1,]  1.425765   1.265274   3.220629
[1] "calculate fold averaged coefficients"
[1] "foldAverageCoefs"
     Simple_UC Average_UC Complex_UC
[1,]  5.270373   9.069421   15.15449
[1] "calculate fold testing norm factor"
[1] "fold testing norm factor"
     UCP 
18.13438 
[1] "normalized UUCW"
[1] 192.484496   8.685013   7.971803   8.840640  64.024046  37.689296   9.742693
[1] "bayesian testing set predication"
   predicted     actual
40 119.60653 192.484496
1   84.52574   8.685013
30  10.54075   7.971803
11  63.44425   8.840640
41  51.43217  64.024046
5  195.02988  37.689296
33  10.54075   9.742693
[1] 2.866133
[1] 0.1428571 0.2857143 0.5714286
[1] "apriori testing set predication"
   predicted    actual
40   115.376 493.06570
1     83.636  22.24741
30    10.584  20.42046
11    62.468  22.64606
41    50.238 164.00314
5    191.502  96.54439
33    10.584  24.95675
[1] 1.145522
[1] 0.0000000 0.0000000 0.1428571
[1] "regression testing set predication"
                 actual
40 137.373493 493.06570
1   86.293465  22.24741
30   9.633784  20.42046
11  67.025897  22.64606
41  57.683971 164.00314
5  214.332502  96.54439
33   9.633784  24.95675
[1] 1.224348
[1] 0 0 0
[1] "original use case weights testing set predication"
   predicted    actual
40       120 493.06570
1         85  22.24741
30        10  20.42046
11        65  22.64606
41        55 164.00314
5        210  96.54439
33        10  24.95675
[1] 1.199565
[1] 0 0 0
[1] "n fold cross validation results"
     bayesian_mmre bayesian_pred15 bayesian_pred25 bayesian_pred50 apriori_mmre
[1,]     0.1748334       0.5714286       0.7142857       0.8571429    0.1707152
[2,]     0.3516949       0.4285714       0.4285714       0.7142857    0.4054420
[3,]     0.5340505       0.0000000       0.1428571       0.4285714    0.7566617
[4,]     0.4148897       0.1666667       0.5000000       0.6666667    0.4891676
[5,]     0.8378044       0.1428571       0.1428571       0.4285714    0.6119990
[6,]     2.8661333       0.1428571       0.2857143       0.5714286    1.1455219
     apriori_pred15 apriori_pred25 apriori_pred50 original_mmre original_pred15
[1,]      0.5714286      0.7142857      1.0000000     0.1621745       0.5714286
[2,]      0.1428571      0.2857143      0.7142857     0.4480878       0.1428571
[3,]      0.2857143      0.4285714      0.4285714     0.7714602       0.2857143
[4,]      0.1666667      0.1666667      0.6666667     0.5028880       0.1666667
[5,]      0.1428571      0.1428571      0.2857143     0.6410781       0.0000000
[6,]      0.0000000      0.0000000      0.1428571     1.1995654       0.0000000
     original_pred25 original_pred50 regression_mmre regression_pred15
[1,]       0.7142857       1.0000000       0.2265370         0.4285714
[2,]       0.1428571       0.7142857       0.4755594         0.1428571
[3,]       0.2857143       0.4285714       0.7011888         0.0000000
[4,]       0.1666667       0.5000000       0.4285736         0.1666667
[5,]       0.1428571       0.2857143       0.6606619         0.0000000
[6,]       0.0000000       0.0000000       1.2243485         0.0000000
     regression_pred25 regression_pred50
[1,]         0.5714286         1.0000000
[2,]         0.2857143         0.4285714
[3,]         0.2857143         0.4285714
[4,]         0.1666667         0.6666667
[5,]         0.1428571         0.2857143
[6,]         0.0000000         0.0000000
    bayesian_mmre   bayesian_pred15   bayesian_pred25   bayesian_pred50 
        0.8632344         0.2420635         0.3690476         0.6111111 
     apriori_mmre    apriori_pred15    apriori_pred25    apriori_pred50 
        0.5965846         0.2182540         0.2896825         0.5396825 
    original_mmre   original_pred15   original_pred25   original_pred50 
        0.6208756         0.1944444         0.2420635         0.4880952 
  regression_mmre regression_pred15 regression_pred25 regression_pred50 
        0.6194782         0.1230159         0.2420635         0.4682540 
    Pred   Bayesian   A.Priori   Original Regression
1      1 0.00000000 0.00000000 0.00000000 0.00000000
2      2 0.02380952 0.02380952 0.07539683 0.00000000
3      3 0.04761905 0.02380952 0.07539683 0.00000000
4      4 0.07142857 0.04761905 0.12301587 0.02777778
5      5 0.07142857 0.07539683 0.12301587 0.02777778
6      6 0.09523810 0.07539683 0.12301587 0.02777778
7      7 0.14285714 0.09920635 0.14682540 0.02777778
8      8 0.16666667 0.12301587 0.14682540 0.05158730
9      9 0.16666667 0.12301587 0.17063492 0.05158730
10    10 0.19047619 0.12301587 0.19444444 0.05158730
11    11 0.19047619 0.14682540 0.19444444 0.05158730
12    12 0.21428571 0.14682540 0.19444444 0.05158730
13    13 0.21428571 0.14682540 0.19444444 0.07539683
14    14 0.21428571 0.19444444 0.19444444 0.09920635
15    15 0.21428571 0.21825397 0.19444444 0.09920635
16    16 0.24206349 0.21825397 0.19444444 0.12301587
17    17 0.26587302 0.21825397 0.19444444 0.12301587
18    18 0.29365079 0.24206349 0.19444444 0.14682540
19    19 0.29365079 0.24206349 0.21825397 0.14682540
20    20 0.29365079 0.24206349 0.21825397 0.17063492
21    21 0.31746032 0.24206349 0.21825397 0.17063492
22    22 0.31746032 0.24206349 0.21825397 0.17063492
23    23 0.34523810 0.26587302 0.21825397 0.17063492
24    24 0.36904762 0.26587302 0.24206349 0.17063492
25    25 0.36904762 0.28968254 0.24206349 0.21825397
26    26 0.36904762 0.28968254 0.24206349 0.24206349
27    27 0.36904762 0.31349206 0.24206349 0.26587302
28    28 0.36904762 0.31349206 0.26587302 0.26587302
29    29 0.36904762 0.31349206 0.28968254 0.29365079
30    30 0.36904762 0.31349206 0.28968254 0.31746032
31    31 0.36904762 0.31349206 0.31349206 0.34126984
32    32 0.36904762 0.31349206 0.31349206 0.34126984
33    33 0.36904762 0.31349206 0.31349206 0.34126984
34    34 0.41666667 0.31349206 0.31349206 0.36507937
35    35 0.46428571 0.34126984 0.31349206 0.36507937
36    36 0.46428571 0.34126984 0.34126984 0.38888889
37    37 0.46428571 0.34126984 0.39285714 0.38888889
38    38 0.46428571 0.34126984 0.39285714 0.41666667
39    39 0.48809524 0.41269841 0.39285714 0.41666667
40    40 0.48809524 0.41269841 0.39285714 0.41666667
41    41 0.48809524 0.44047619 0.39285714 0.44444444
42    42 0.51190476 0.46428571 0.39285714 0.44444444
43    43 0.51190476 0.48809524 0.41666667 0.46825397
44    44 0.51190476 0.51587302 0.41666667 0.46825397
45    45 0.51190476 0.51587302 0.41666667 0.46825397
46    46 0.53571429 0.51587302 0.46428571 0.46825397
47    47 0.55952381 0.51587302 0.46428571 0.46825397
48    48 0.55952381 0.51587302 0.46428571 0.46825397
49    49 0.55952381 0.51587302 0.48809524 0.46825397
50    50 0.61111111 0.53968254 0.48809524 0.46825397
51    51 0.61111111 0.53968254 0.48809524 0.46825397
52    52 0.63492063 0.53968254 0.48809524 0.49206349
53    53 0.65873016 0.56349206 0.51190476 0.49206349
54    54 0.65873016 0.56349206 0.53968254 0.53968254
55    55 0.65873016 0.56349206 0.56349206 0.53968254
56    56 0.65873016 0.56349206 0.56349206 0.53968254
57    57 0.65873016 0.56349206 0.59126984 0.53968254
58    58 0.68253968 0.56349206 0.59126984 0.53968254
59    59 0.70634921 0.61507937 0.61507937 0.56349206
60    60 0.73015873 0.63888889 0.61507937 0.59126984
61    61 0.73015873 0.66269841 0.63888889 0.59126984
62    62 0.73015873 0.68650794 0.66269841 0.59126984
63    63 0.73015873 0.68650794 0.66269841 0.61507937
64    64 0.73015873 0.68650794 0.66269841 0.61507937
65    65 0.75793651 0.68650794 0.66269841 0.61507937
66    66 0.78174603 0.68650794 0.66269841 0.66269841
67    67 0.78174603 0.68650794 0.66269841 0.66269841
68    68 0.78174603 0.68650794 0.68650794 0.66269841
69    69 0.78174603 0.68650794 0.68650794 0.68650794
70    70 0.78174603 0.68650794 0.71031746 0.68650794
71    71 0.78174603 0.73412698 0.71031746 0.68650794
72    72 0.78174603 0.73412698 0.73412698 0.71031746
73    73 0.80555556 0.73412698 0.73412698 0.75793651
74    74 0.80555556 0.73412698 0.73412698 0.78174603
75    75 0.80555556 0.73412698 0.73412698 0.78174603
76    76 0.80555556 0.73412698 0.73412698 0.78174603
77    77 0.80555556 0.73412698 0.75793651 0.78174603
78    78 0.80555556 0.75793651 0.75793651 0.78174603
79    79 0.80555556 0.75793651 0.75793651 0.78174603
80    80 0.80555556 0.75793651 0.75793651 0.78174603
81    81 0.80555556 0.75793651 0.75793651 0.78174603
82    82 0.80555556 0.78174603 0.75793651 0.80555556
83    83 0.80555556 0.78174603 0.78174603 0.80555556
84    84 0.80555556 0.78174603 0.78174603 0.80555556
85    85 0.80555556 0.80555556 0.80555556 0.80555556
86    86 0.83333333 0.82936508 0.80555556 0.80555556
87    87 0.83333333 0.82936508 0.82936508 0.82936508
88    88 0.83333333 0.82936508 0.82936508 0.82936508
89    89 0.83333333 0.82936508 0.82936508 0.82936508
90    90 0.85714286 0.82936508 0.82936508 0.82936508
91    91 0.88095238 0.82936508 0.82936508 0.85317460
92    92 0.88095238 0.82936508 0.82936508 0.85317460
93    93 0.88095238 0.82936508 0.82936508 0.85317460
94    94 0.88095238 0.82936508 0.82936508 0.88095238
95    95 0.88095238 0.82936508 0.82936508 0.88095238
96    96 0.88095238 0.82936508 0.82936508 0.88095238
97    97 0.88095238 0.82936508 0.82936508 0.88095238
98    98 0.88095238 0.82936508 0.82936508 0.88095238
99    99 0.88095238 0.82936508 0.82936508 0.88095238
100  100 0.88095238 0.85317460 0.82936508 0.88095238
[1] "melt avg preds info"
    Pred     Method      Value
1      1   Bayesian 0.00000000
2      2   Bayesian 0.02380952
3      3   Bayesian 0.04761905
4      4   Bayesian 0.07142857
5      5   Bayesian 0.07142857
6      6   Bayesian 0.09523810
7      7   Bayesian 0.14285714
8      8   Bayesian 0.16666667
9      9   Bayesian 0.16666667
10    10   Bayesian 0.19047619
11    11   Bayesian 0.19047619
12    12   Bayesian 0.21428571
13    13   Bayesian 0.21428571
14    14   Bayesian 0.21428571
15    15   Bayesian 0.21428571
16    16   Bayesian 0.24206349
17    17   Bayesian 0.26587302
18    18   Bayesian 0.29365079
19    19   Bayesian 0.29365079
20    20   Bayesian 0.29365079
21    21   Bayesian 0.31746032
22    22   Bayesian 0.31746032
23    23   Bayesian 0.34523810
24    24   Bayesian 0.36904762
25    25   Bayesian 0.36904762
26    26   Bayesian 0.36904762
27    27   Bayesian 0.36904762
28    28   Bayesian 0.36904762
29    29   Bayesian 0.36904762
30    30   Bayesian 0.36904762
31    31   Bayesian 0.36904762
32    32   Bayesian 0.36904762
33    33   Bayesian 0.36904762
34    34   Bayesian 0.41666667
35    35   Bayesian 0.46428571
36    36   Bayesian 0.46428571
37    37   Bayesian 0.46428571
38    38   Bayesian 0.46428571
39    39   Bayesian 0.48809524
40    40   Bayesian 0.48809524
41    41   Bayesian 0.48809524
42    42   Bayesian 0.51190476
43    43   Bayesian 0.51190476
44    44   Bayesian 0.51190476
45    45   Bayesian 0.51190476
46    46   Bayesian 0.53571429
47    47   Bayesian 0.55952381
48    48   Bayesian 0.55952381
49    49   Bayesian 0.55952381
50    50   Bayesian 0.61111111
51    51   Bayesian 0.61111111
52    52   Bayesian 0.63492063
53    53   Bayesian 0.65873016
54    54   Bayesian 0.65873016
55    55   Bayesian 0.65873016
56    56   Bayesian 0.65873016
57    57   Bayesian 0.65873016
58    58   Bayesian 0.68253968
59    59   Bayesian 0.70634921
60    60   Bayesian 0.73015873
61    61   Bayesian 0.73015873
62    62   Bayesian 0.73015873
63    63   Bayesian 0.73015873
64    64   Bayesian 0.73015873
65    65   Bayesian 0.75793651
66    66   Bayesian 0.78174603
67    67   Bayesian 0.78174603
68    68   Bayesian 0.78174603
69    69   Bayesian 0.78174603
70    70   Bayesian 0.78174603
71    71   Bayesian 0.78174603
72    72   Bayesian 0.78174603
73    73   Bayesian 0.80555556
74    74   Bayesian 0.80555556
75    75   Bayesian 0.80555556
76    76   Bayesian 0.80555556
77    77   Bayesian 0.80555556
78    78   Bayesian 0.80555556
79    79   Bayesian 0.80555556
80    80   Bayesian 0.80555556
81    81   Bayesian 0.80555556
82    82   Bayesian 0.80555556
83    83   Bayesian 0.80555556
84    84   Bayesian 0.80555556
85    85   Bayesian 0.80555556
86    86   Bayesian 0.83333333
87    87   Bayesian 0.83333333
88    88   Bayesian 0.83333333
89    89   Bayesian 0.83333333
90    90   Bayesian 0.85714286
91    91   Bayesian 0.88095238
92    92   Bayesian 0.88095238
93    93   Bayesian 0.88095238
94    94   Bayesian 0.88095238
95    95   Bayesian 0.88095238
96    96   Bayesian 0.88095238
97    97   Bayesian 0.88095238
98    98   Bayesian 0.88095238
99    99   Bayesian 0.88095238
100  100   Bayesian 0.88095238
101    1   A.Priori 0.00000000
102    2   A.Priori 0.02380952
103    3   A.Priori 0.02380952
104    4   A.Priori 0.04761905
105    5   A.Priori 0.07539683
106    6   A.Priori 0.07539683
107    7   A.Priori 0.09920635
108    8   A.Priori 0.12301587
109    9   A.Priori 0.12301587
110   10   A.Priori 0.12301587
111   11   A.Priori 0.14682540
112   12   A.Priori 0.14682540
113   13   A.Priori 0.14682540
114   14   A.Priori 0.19444444
115   15   A.Priori 0.21825397
116   16   A.Priori 0.21825397
117   17   A.Priori 0.21825397
118   18   A.Priori 0.24206349
119   19   A.Priori 0.24206349
120   20   A.Priori 0.24206349
121   21   A.Priori 0.24206349
122   22   A.Priori 0.24206349
123   23   A.Priori 0.26587302
124   24   A.Priori 0.26587302
125   25   A.Priori 0.28968254
126   26   A.Priori 0.28968254
127   27   A.Priori 0.31349206
128   28   A.Priori 0.31349206
129   29   A.Priori 0.31349206
130   30   A.Priori 0.31349206
131   31   A.Priori 0.31349206
132   32   A.Priori 0.31349206
133   33   A.Priori 0.31349206
134   34   A.Priori 0.31349206
135   35   A.Priori 0.34126984
136   36   A.Priori 0.34126984
137   37   A.Priori 0.34126984
138   38   A.Priori 0.34126984
139   39   A.Priori 0.41269841
140   40   A.Priori 0.41269841
141   41   A.Priori 0.44047619
142   42   A.Priori 0.46428571
143   43   A.Priori 0.48809524
144   44   A.Priori 0.51587302
145   45   A.Priori 0.51587302
146   46   A.Priori 0.51587302
147   47   A.Priori 0.51587302
148   48   A.Priori 0.51587302
149   49   A.Priori 0.51587302
150   50   A.Priori 0.53968254
151   51   A.Priori 0.53968254
152   52   A.Priori 0.53968254
153   53   A.Priori 0.56349206
154   54   A.Priori 0.56349206
155   55   A.Priori 0.56349206
156   56   A.Priori 0.56349206
157   57   A.Priori 0.56349206
158   58   A.Priori 0.56349206
159   59   A.Priori 0.61507937
160   60   A.Priori 0.63888889
161   61   A.Priori 0.66269841
162   62   A.Priori 0.68650794
163   63   A.Priori 0.68650794
164   64   A.Priori 0.68650794
165   65   A.Priori 0.68650794
166   66   A.Priori 0.68650794
167   67   A.Priori 0.68650794
168   68   A.Priori 0.68650794
169   69   A.Priori 0.68650794
170   70   A.Priori 0.68650794
171   71   A.Priori 0.73412698
172   72   A.Priori 0.73412698
173   73   A.Priori 0.73412698
174   74   A.Priori 0.73412698
175   75   A.Priori 0.73412698
176   76   A.Priori 0.73412698
177   77   A.Priori 0.73412698
178   78   A.Priori 0.75793651
179   79   A.Priori 0.75793651
180   80   A.Priori 0.75793651
181   81   A.Priori 0.75793651
182   82   A.Priori 0.78174603
183   83   A.Priori 0.78174603
184   84   A.Priori 0.78174603
185   85   A.Priori 0.80555556
186   86   A.Priori 0.82936508
187   87   A.Priori 0.82936508
188   88   A.Priori 0.82936508
189   89   A.Priori 0.82936508
190   90   A.Priori 0.82936508
191   91   A.Priori 0.82936508
192   92   A.Priori 0.82936508
193   93   A.Priori 0.82936508
194   94   A.Priori 0.82936508
195   95   A.Priori 0.82936508
196   96   A.Priori 0.82936508
197   97   A.Priori 0.82936508
198   98   A.Priori 0.82936508
199   99   A.Priori 0.82936508
200  100   A.Priori 0.85317460
201    1   Original 0.00000000
202    2   Original 0.07539683
203    3   Original 0.07539683
204    4   Original 0.12301587
205    5   Original 0.12301587
206    6   Original 0.12301587
207    7   Original 0.14682540
208    8   Original 0.14682540
209    9   Original 0.17063492
210   10   Original 0.19444444
211   11   Original 0.19444444
212   12   Original 0.19444444
213   13   Original 0.19444444
214   14   Original 0.19444444
215   15   Original 0.19444444
216   16   Original 0.19444444
217   17   Original 0.19444444
218   18   Original 0.19444444
219   19   Original 0.21825397
220   20   Original 0.21825397
221   21   Original 0.21825397
222   22   Original 0.21825397
223   23   Original 0.21825397
224   24   Original 0.24206349
225   25   Original 0.24206349
226   26   Original 0.24206349
227   27   Original 0.24206349
228   28   Original 0.26587302
229   29   Original 0.28968254
230   30   Original 0.28968254
231   31   Original 0.31349206
232   32   Original 0.31349206
233   33   Original 0.31349206
234   34   Original 0.31349206
235   35   Original 0.31349206
236   36   Original 0.34126984
237   37   Original 0.39285714
238   38   Original 0.39285714
239   39   Original 0.39285714
240   40   Original 0.39285714
241   41   Original 0.39285714
242   42   Original 0.39285714
243   43   Original 0.41666667
244   44   Original 0.41666667
245   45   Original 0.41666667
246   46   Original 0.46428571
247   47   Original 0.46428571
248   48   Original 0.46428571
249   49   Original 0.48809524
250   50   Original 0.48809524
251   51   Original 0.48809524
252   52   Original 0.48809524
253   53   Original 0.51190476
254   54   Original 0.53968254
255   55   Original 0.56349206
256   56   Original 0.56349206
257   57   Original 0.59126984
258   58   Original 0.59126984
259   59   Original 0.61507937
260   60   Original 0.61507937
261   61   Original 0.63888889
262   62   Original 0.66269841
263   63   Original 0.66269841
264   64   Original 0.66269841
265   65   Original 0.66269841
266   66   Original 0.66269841
267   67   Original 0.66269841
268   68   Original 0.68650794
269   69   Original 0.68650794
270   70   Original 0.71031746
271   71   Original 0.71031746
272   72   Original 0.73412698
273   73   Original 0.73412698
274   74   Original 0.73412698
275   75   Original 0.73412698
276   76   Original 0.73412698
277   77   Original 0.75793651
278   78   Original 0.75793651
279   79   Original 0.75793651
280   80   Original 0.75793651
281   81   Original 0.75793651
282   82   Original 0.75793651
283   83   Original 0.78174603
284   84   Original 0.78174603
285   85   Original 0.80555556
286   86   Original 0.80555556
287   87   Original 0.82936508
288   88   Original 0.82936508
289   89   Original 0.82936508
290   90   Original 0.82936508
291   91   Original 0.82936508
292   92   Original 0.82936508
293   93   Original 0.82936508
294   94   Original 0.82936508
295   95   Original 0.82936508
296   96   Original 0.82936508
297   97   Original 0.82936508
298   98   Original 0.82936508
299   99   Original 0.82936508
300  100   Original 0.82936508
301    1 Regression 0.00000000
302    2 Regression 0.00000000
303    3 Regression 0.00000000
304    4 Regression 0.02777778
305    5 Regression 0.02777778
306    6 Regression 0.02777778
307    7 Regression 0.02777778
308    8 Regression 0.05158730
309    9 Regression 0.05158730
310   10 Regression 0.05158730
311   11 Regression 0.05158730
312   12 Regression 0.05158730
313   13 Regression 0.07539683
314   14 Regression 0.09920635
315   15 Regression 0.09920635
316   16 Regression 0.12301587
317   17 Regression 0.12301587
318   18 Regression 0.14682540
319   19 Regression 0.14682540
320   20 Regression 0.17063492
321   21 Regression 0.17063492
322   22 Regression 0.17063492
323   23 Regression 0.17063492
324   24 Regression 0.17063492
325   25 Regression 0.21825397
326   26 Regression 0.24206349
327   27 Regression 0.26587302
328   28 Regression 0.26587302
329   29 Regression 0.29365079
330   30 Regression 0.31746032
331   31 Regression 0.34126984
332   32 Regression 0.34126984
333   33 Regression 0.34126984
334   34 Regression 0.36507937
335   35 Regression 0.36507937
336   36 Regression 0.38888889
337   37 Regression 0.38888889
338   38 Regression 0.41666667
339   39 Regression 0.41666667
340   40 Regression 0.41666667
341   41 Regression 0.44444444
342   42 Regression 0.44444444
343   43 Regression 0.46825397
344   44 Regression 0.46825397
345   45 Regression 0.46825397
346   46 Regression 0.46825397
347   47 Regression 0.46825397
348   48 Regression 0.46825397
349   49 Regression 0.46825397
350   50 Regression 0.46825397
351   51 Regression 0.46825397
352   52 Regression 0.49206349
353   53 Regression 0.49206349
354   54 Regression 0.53968254
355   55 Regression 0.53968254
356   56 Regression 0.53968254
357   57 Regression 0.53968254
358   58 Regression 0.53968254
359   59 Regression 0.56349206
360   60 Regression 0.59126984
361   61 Regression 0.59126984
362   62 Regression 0.59126984
363   63 Regression 0.61507937
364   64 Regression 0.61507937
365   65 Regression 0.61507937
366   66 Regression 0.66269841
367   67 Regression 0.66269841
368   68 Regression 0.66269841
369   69 Regression 0.68650794
370   70 Regression 0.68650794
371   71 Regression 0.68650794
372   72 Regression 0.71031746
373   73 Regression 0.75793651
374   74 Regression 0.78174603
375   75 Regression 0.78174603
376   76 Regression 0.78174603
377   77 Regression 0.78174603
378   78 Regression 0.78174603
379   79 Regression 0.78174603
380   80 Regression 0.78174603
381   81 Regression 0.78174603
382   82 Regression 0.80555556
383   83 Regression 0.80555556
384   84 Regression 0.80555556
385   85 Regression 0.80555556
386   86 Regression 0.80555556
387   87 Regression 0.82936508
388   88 Regression 0.82936508
389   89 Regression 0.82936508
390   90 Regression 0.82936508
391   91 Regression 0.85317460
392   92 Regression 0.85317460
393   93 Regression 0.85317460
394   94 Regression 0.88095238
395   95 Regression 0.88095238
396   96 Regression 0.88095238
397   97 Regression 0.88095238
398   98 Regression 0.88095238
399   99 Regression 0.88095238
400  100 Regression 0.88095238
[1] "melt avg preds info as lines and smooth function"
[1] "melt avg preds info as dots and smooth function"
