$breaks
 [1]  1.0  1.5  2.0  2.5  3.0  3.5  4.0  4.5  5.0  5.5  6.0  6.5  7.0  7.5  8.0
[16]  8.5  9.0  9.5 10.0 10.5 11.0

$counts
 [1] 1 1 0 1 0 1 0 1 0 1 0 1 0 1 0 1 0 1 0 1

$density
 [1] 0.1818182 0.1818182 0.0000000 0.1818182 0.0000000 0.1818182 0.0000000
 [8] 0.1818182 0.0000000 0.1818182 0.0000000 0.1818182 0.0000000 0.1818182
[15] 0.0000000 0.1818182 0.0000000 0.1818182 0.0000000 0.1818182

$mids
 [1]  1.25  1.75  2.25  2.75  3.25  3.75  4.25  4.75  5.25  5.75  6.25  6.75
[13]  7.25  7.75  8.25  8.75  9.25  9.75 10.25 10.75

$xname
[1] "as.numeric(column)"

$equidist
[1] TRUE

attr(,"class")
[1] "histogram"
$breaks
 [1]  5.0  5.5  6.0  6.5  7.0  7.5  8.0  8.5  9.0  9.5 10.0 10.5 11.0 11.5 12.0
[16] 12.5 13.0 13.5 14.0 14.5 15.0

$counts
 [1] 1 2 0 1 0 1 0 2 0 0 0 1 0 1 0 0 0 1 0 1

$density
 [1] 0.1818182 0.3636364 0.0000000 0.1818182 0.0000000 0.1818182 0.0000000
 [8] 0.3636364 0.0000000 0.0000000 0.0000000 0.1818182 0.0000000 0.1818182
[15] 0.0000000 0.0000000 0.0000000 0.1818182 0.0000000 0.1818182

$mids
 [1]  5.25  5.75  6.25  6.75  7.25  7.75  8.25  8.75  9.25  9.75 10.25 10.75
[13] 11.25 11.75 12.25 12.75 13.25 13.75 14.25 14.75

$xname
[1] "as.numeric(column)"

$equidist
[1] TRUE

attr(,"class")
[1] "histogram"
$breaks
 [1]  3.0  3.5  4.0  4.5  5.0  5.5  6.0  6.5  7.0  7.5  8.0  8.5  9.0  9.5 10.0
[16] 10.5 11.0 11.5 12.0 12.5 13.0

$counts
 [1] 1 1 0 1 0 1 0 2 0 1 0 1 0 0 0 1 0 0 0 2

$density
 [1] 0.1818182 0.1818182 0.0000000 0.1818182 0.0000000 0.1818182 0.0000000
 [8] 0.3636364 0.0000000 0.1818182 0.0000000 0.1818182 0.0000000 0.0000000
[15] 0.0000000 0.1818182 0.0000000 0.0000000 0.0000000 0.3636364

$mids
 [1]  3.25  3.75  4.25  4.75  5.25  5.75  6.25  6.75  7.25  7.75  8.25  8.75
[13]  9.25  9.75 10.25 10.75 11.25 11.75 12.25 12.75

$xname
[1] "as.numeric(column)"

$equidist
[1] TRUE

attr(,"class")
[1] "histogram"
$breaks
 [1] 0.00 0.05 0.10 0.15 0.20 0.25 0.30 0.35 0.40 0.45 0.50 0.55 0.60 0.65 0.70
[16] 0.75 0.80 0.85 0.90 0.95 1.00

$counts
 [1] 7 0 0 0 0 0 0 0 0 0 0 0 0 0 0 0 0 0 0 4

$density
 [1] 12.727273  0.000000  0.000000  0.000000  0.000000  0.000000  0.000000
 [8]  0.000000  0.000000  0.000000  0.000000  0.000000  0.000000  0.000000
[15]  0.000000  0.000000  0.000000  0.000000  0.000000  7.272727

$mids
 [1] 0.025 0.075 0.125 0.175 0.225 0.275 0.325 0.375 0.425 0.475 0.525 0.575
[13] 0.625 0.675 0.725 0.775 0.825 0.875 0.925 0.975

$xname
[1] "as.numeric(column)"

$equidist
[1] TRUE

attr(,"class")
[1] "histogram"
$breaks
 [1] 0.00 0.05 0.10 0.15 0.20 0.25 0.30 0.35 0.40 0.45 0.50 0.55 0.60 0.65 0.70
[16] 0.75 0.80 0.85 0.90 0.95 1.00

$counts
 [1] 10  0  0  0  0  0  0  0  0  0  0  0  0  0  0  0  0  0  0  1

$density
 [1] 18.181818  0.000000  0.000000  0.000000  0.000000  0.000000  0.000000
 [8]  0.000000  0.000000  0.000000  0.000000  0.000000  0.000000  0.000000
[15]  0.000000  0.000000  0.000000  0.000000  0.000000  1.818182

$mids
 [1] 0.025 0.075 0.125 0.175 0.225 0.275 0.325 0.375 0.425 0.475 0.525 0.575
[13] 0.625 0.675 0.725 0.775 0.825 0.875 0.925 0.975

$xname
[1] "as.numeric(column)"

$equidist
[1] TRUE

attr(,"class")
[1] "histogram"
$breaks
[1] -1  0

$counts
[1] 11

$density
[1] 1

$mids
[1] -0.5

$xname
[1] "as.numeric(column)"

$equidist
[1] TRUE

attr(,"class")
[1] "histogram"
