$breaks
 [1]  0  5 10 15 20 25 30 35 40 45 50 55 60

$counts
 [1] 5 5 5 5 5 5 5 5 5 5 5 3

$density
 [1] 0.01724138 0.01724138 0.01724138 0.01724138 0.01724138 0.01724138
 [7] 0.01724138 0.01724138 0.01724138 0.01724138 0.01724138 0.01034483

$mids
 [1]  2.5  7.5 12.5 17.5 22.5 27.5 32.5 37.5 42.5 47.5 52.5 57.5

$xname
[1] "as.numeric(column)"

$equidist
[1] TRUE

attr(,"class")
[1] "histogram"
$breaks
 [1]  4.0  4.5  5.0  5.5  6.0  6.5  7.0  7.5  8.0  8.5  9.0  9.5 10.0

$counts
 [1]  6  2  0 16  0  2  0 20  0  2  0 10

$density
 [1] 0.20689655 0.06896552 0.00000000 0.55172414 0.00000000 0.06896552
 [7] 0.00000000 0.68965517 0.00000000 0.06896552 0.00000000 0.34482759

$mids
 [1] 4.25 4.75 5.25 5.75 6.25 6.75 7.25 7.75 8.25 8.75 9.25 9.75

$xname
[1] "as.numeric(column)"

$equidist
[1] TRUE

attr(,"class")
[1] "histogram"
$breaks
 [1] 0.0 0.2 0.4 0.6 0.8 1.0 1.2 1.4 1.6 1.8 2.0 2.2 2.4 2.6 2.8 3.0 3.2 3.4 3.6
[20] 3.8 4.0

$counts
 [1]  7  0  0  0 17  0  0  0  0 22  0  0  0  0  8  0  0  0  0  4

$density
 [1] 0.6034483 0.0000000 0.0000000 0.0000000 1.4655172 0.0000000 0.0000000
 [8] 0.0000000 0.0000000 1.8965517 0.0000000 0.0000000 0.0000000 0.0000000
[15] 0.6896552 0.0000000 0.0000000 0.0000000 0.0000000 0.3448276

$mids
 [1] 0.1 0.3 0.5 0.7 0.9 1.1 1.3 1.5 1.7 1.9 2.1 2.3 2.5 2.7 2.9 3.1 3.3 3.5 3.7
[20] 3.9

$xname
[1] "as.numeric(column)"

$equidist
[1] TRUE

attr(,"class")
[1] "histogram"
$breaks
 [1] 0.0 0.1 0.2 0.3 0.4 0.5 0.6 0.7 0.8 0.9 1.0 1.1 1.2 1.3 1.4 1.5 1.6 1.7 1.8
[20] 1.9 2.0

$counts
 [1] 18  0  0  0  0  0  0  0  0 25  0  0  0  0  0  0  0  0  0 15

$density
 [1] 3.103448 0.000000 0.000000 0.000000 0.000000 0.000000 0.000000 0.000000
 [9] 0.000000 4.310345 0.000000 0.000000 0.000000 0.000000 0.000000 0.000000
[17] 0.000000 0.000000 0.000000 2.586207

$mids
 [1] 0.05 0.15 0.25 0.35 0.45 0.55 0.65 0.75 0.85 0.95 1.05 1.15 1.25 1.35 1.45
[16] 1.55 1.65 1.75 1.85 1.95

$xname
[1] "as.numeric(column)"

$equidist
[1] TRUE

attr(,"class")
[1] "histogram"
$breaks
 [1] 1.0 1.5 2.0 2.5 3.0 3.5 4.0 4.5 5.0 5.5 6.0

$counts
 [1]  2 10  0 16  0 16  0 10  0  4

$density
 [1] 0.06896552 0.34482759 0.00000000 0.55172414 0.00000000 0.55172414
 [7] 0.00000000 0.34482759 0.00000000 0.13793103

$mids
 [1] 1.25 1.75 2.25 2.75 3.25 3.75 4.25 4.75 5.25 5.75

$xname
[1] "as.numeric(column)"

$equidist
[1] TRUE

attr(,"class")
[1] "histogram"
$breaks
[1] -1  0

$counts
[1] 58

$density
[1] 1

$mids
[1] -0.5

$xname
[1] "as.numeric(column)"

$equidist
[1] TRUE

attr(,"class")
[1] "histogram"
