$breaks
 [1]  1  2  3  4  5  6  7  8  9 10 11 12 13 14 15 16 17 18 19 20 21 22

$counts
 [1] 2 1 1 1 1 1 1 1 1 1 1 1 1 1 1 1 1 1 1 1 1

$density
 [1] 0.09090909 0.04545455 0.04545455 0.04545455 0.04545455 0.04545455
 [7] 0.04545455 0.04545455 0.04545455 0.04545455 0.04545455 0.04545455
[13] 0.04545455 0.04545455 0.04545455 0.04545455 0.04545455 0.04545455
[19] 0.04545455 0.04545455 0.04545455

$mids
 [1]  1.5  2.5  3.5  4.5  5.5  6.5  7.5  8.5  9.5 10.5 11.5 12.5 13.5 14.5 15.5
[16] 16.5 17.5 18.5 19.5 20.5 21.5

$xname
[1] "as.numeric(column)"

$equidist
[1] TRUE

attr(,"class")
[1] "histogram"
$breaks
 [1] 0.0 0.2 0.4 0.6 0.8 1.0 1.2 1.4 1.6 1.8 2.0 2.2 2.4 2.6 2.8 3.0

$counts
 [1]  6  0  0  0 10  0  0  0  0  4  0  0  0  0  2

$density
 [1] 1.3636364 0.0000000 0.0000000 0.0000000 2.2727273 0.0000000 0.0000000
 [8] 0.0000000 0.0000000 0.9090909 0.0000000 0.0000000 0.0000000 0.0000000
[15] 0.4545455

$mids
 [1] 0.1 0.3 0.5 0.7 0.9 1.1 1.3 1.5 1.7 1.9 2.1 2.3 2.5 2.7 2.9

$xname
[1] "as.numeric(column)"

$equidist
[1] TRUE

attr(,"class")
[1] "histogram"
$breaks
 [1] 0.0 0.5 1.0 1.5 2.0 2.5 3.0 3.5 4.0 4.5 5.0

$counts
 [1] 4 6 0 0 0 4 0 6 0 2

$density
 [1] 0.3636364 0.5454545 0.0000000 0.0000000 0.0000000 0.3636364 0.0000000
 [8] 0.5454545 0.0000000 0.1818182

$mids
 [1] 0.25 0.75 1.25 1.75 2.25 2.75 3.25 3.75 4.25 4.75

$xname
[1] "as.numeric(column)"

$equidist
[1] TRUE

attr(,"class")
[1] "histogram"
$breaks
[1] -1  0

$counts
[1] 22

$density
[1] 1

$mids
[1] -0.5

$xname
[1] "as.numeric(column)"

$equidist
[1] TRUE

attr(,"class")
[1] "histogram"
$breaks
[1] -1  0

$counts
[1] 22

$density
[1] 1

$mids
[1] -0.5

$xname
[1] "as.numeric(column)"

$equidist
[1] TRUE

attr(,"class")
[1] "histogram"
