$breaks
 [1] 1.0 1.5 2.0 2.5 3.0 3.5 4.0 4.5 5.0 5.5 6.0 6.5 7.0

$counts
 [1] 1 1 0 1 0 1 0 1 0 1 0 1

$density
 [1] 0.2857143 0.2857143 0.0000000 0.2857143 0.0000000 0.2857143 0.0000000
 [8] 0.2857143 0.0000000 0.2857143 0.0000000 0.2857143

$mids
 [1] 1.25 1.75 2.25 2.75 3.25 3.75 4.25 4.75 5.25 5.75 6.25 6.75

$xname
[1] "as.numeric(column)"

$equidist
[1] TRUE

attr(,"class")
[1] "histogram"
$breaks
 [1] 2.0 2.5 3.0 3.5 4.0 4.5 5.0 5.5 6.0 6.5 7.0

$counts
 [1] 2 0 0 0 0 1 0 3 0 1

$density
 [1] 0.5714286 0.0000000 0.0000000 0.0000000 0.0000000 0.2857143 0.0000000
 [8] 0.8571429 0.0000000 0.2857143

$mids
 [1] 2.25 2.75 3.25 3.75 4.25 4.75 5.25 5.75 6.25 6.75

$xname
[1] "as.numeric(column)"

$equidist
[1] TRUE

attr(,"class")
[1] "histogram"
$breaks
[1] 0 1

$counts
[1] 7

$density
[1] 1

$mids
[1] 0.5

$xname
[1] "as.numeric(column)"

$equidist
[1] TRUE

attr(,"class")
[1] "histogram"
$breaks
 [1] 0.0 0.1 0.2 0.3 0.4 0.5 0.6 0.7 0.8 0.9 1.0 1.1 1.2 1.3 1.4 1.5 1.6 1.7 1.8
[20] 1.9 2.0

$counts
 [1] 3 0 0 0 0 0 0 0 0 2 0 0 0 0 0 0 0 0 0 2

$density
 [1] 4.285714 0.000000 0.000000 0.000000 0.000000 0.000000 0.000000 0.000000
 [9] 0.000000 2.857143 0.000000 0.000000 0.000000 0.000000 0.000000 0.000000
[17] 0.000000 0.000000 0.000000 2.857143

$mids
 [1] 0.05 0.15 0.25 0.35 0.45 0.55 0.65 0.75 0.85 0.95 1.05 1.15 1.25 1.35 1.45
[16] 1.55 1.65 1.75 1.85 1.95

$xname
[1] "as.numeric(column)"

$equidist
[1] TRUE

attr(,"class")
[1] "histogram"
$breaks
 [1] 0.0 0.2 0.4 0.6 0.8 1.0 1.2 1.4 1.6 1.8 2.0 2.2 2.4 2.6 2.8 3.0

$counts
 [1] 2 0 0 0 0 0 0 0 0 1 0 0 0 0 4

$density
 [1] 1.4285714 0.0000000 0.0000000 0.0000000 0.0000000 0.0000000 0.0000000
 [8] 0.0000000 0.0000000 0.7142857 0.0000000 0.0000000 0.0000000 0.0000000
[15] 2.8571429

$mids
 [1] 0.1 0.3 0.5 0.7 0.9 1.1 1.3 1.5 1.7 1.9 2.1 2.3 2.5 2.7 2.9

$xname
[1] "as.numeric(column)"

$equidist
[1] TRUE

attr(,"class")
[1] "histogram"
$breaks
[1] -1  0

$counts
[1] 7

$density
[1] 1

$mids
[1] -0.5

$xname
[1] "as.numeric(column)"

$equidist
[1] TRUE

attr(,"class")
[1] "histogram"
