$breaks
 [1]  0  5 10 15 20 25 30 35 40 45 50 55 60 65

$counts
 [1] 5 5 5 5 5 5 5 5 5 5 5 5 1

$density
 [1] 0.016393443 0.016393443 0.016393443 0.016393443 0.016393443 0.016393443
 [7] 0.016393443 0.016393443 0.016393443 0.016393443 0.016393443 0.016393443
[13] 0.003278689

$mids
 [1]  2.5  7.5 12.5 17.5 22.5 27.5 32.5 37.5 42.5 47.5 52.5 57.5 62.5

$xname
[1] "as.numeric(column)"

$equidist
[1] TRUE

attr(,"class")
[1] "histogram"
$breaks
 [1] 1.0 1.1 1.2 1.3 1.4 1.5 1.6 1.7 1.8 1.9 2.0 2.1 2.2 2.3 2.4 2.5 2.6 2.7 2.8
[20] 2.9 3.0

$counts
 [1] 24  0  0  0  0  0  0  0  0 29  0  0  0  0  0  0  0  0  0  8

$density
 [1] 3.934426 0.000000 0.000000 0.000000 0.000000 0.000000 0.000000 0.000000
 [9] 0.000000 4.754098 0.000000 0.000000 0.000000 0.000000 0.000000 0.000000
[17] 0.000000 0.000000 0.000000 1.311475

$mids
 [1] 1.05 1.15 1.25 1.35 1.45 1.55 1.65 1.75 1.85 1.95 2.05 2.15 2.25 2.35 2.45
[16] 2.55 2.65 2.75 2.85 2.95

$xname
[1] "as.numeric(column)"

$equidist
[1] TRUE

attr(,"class")
[1] "histogram"
$breaks
 [1] 1.0 1.5 2.0 2.5 3.0 3.5 4.0 4.5 5.0 5.5 6.0 6.5 7.0 7.5 8.0 8.5 9.0

$counts
 [1]  2  1  0  3  0  3  0  3  0 16  0 17  0 12  0  4

$density
 [1] 0.06557377 0.03278689 0.00000000 0.09836066 0.00000000 0.09836066
 [7] 0.00000000 0.09836066 0.00000000 0.52459016 0.00000000 0.55737705
[13] 0.00000000 0.39344262 0.00000000 0.13114754

$mids
 [1] 1.25 1.75 2.25 2.75 3.25 3.75 4.25 4.75 5.25 5.75 6.25 6.75 7.25 7.75 8.25
[16] 8.75

$xname
[1] "as.numeric(column)"

$equidist
[1] TRUE

attr(,"class")
[1] "histogram"
$breaks
 [1] 0.0 0.5 1.0 1.5 2.0 2.5 3.0 3.5 4.0 4.5 5.0 5.5 6.0

$counts
 [1]  5  1  0  5  0  0  0  0  0 30  0 20

$density
 [1] 0.16393443 0.03278689 0.00000000 0.16393443 0.00000000 0.00000000
 [7] 0.00000000 0.00000000 0.00000000 0.98360656 0.00000000 0.65573770

$mids
 [1] 0.25 0.75 1.25 1.75 2.25 2.75 3.25 3.75 4.25 4.75 5.25 5.75

$xname
[1] "as.numeric(column)"

$equidist
[1] TRUE

attr(,"class")
[1] "histogram"
$breaks
[1] -1  0

$counts
[1] 61

$density
[1] 1

$mids
[1] -0.5

$xname
[1] "as.numeric(column)"

$equidist
[1] TRUE

attr(,"class")
[1] "histogram"
