$breaks
 [1]  0  5 10 15 20 25 30 35 40 45 50 55 60 65

$counts
 [1] 5 5 5 5 5 5 5 5 5 5 5 5 1

$density
 [1] 0.016393443 0.016393443 0.016393443 0.016393443 0.016393443 0.016393443
 [7] 0.016393443 0.016393443 0.016393443 0.016393443 0.016393443 0.016393443
[13] 0.003278689

$mids
 [1]  2.5  7.5 12.5 17.5 22.5 27.5 32.5 37.5 42.5 47.5 52.5 57.5 62.5

$xname
[1] "as.numeric(column)"

$equidist
[1] TRUE

attr(,"class")
[1] "histogram"
$breaks
 [1]  3  4  5  6  7  8  9 10 11 12 13 14 15 16 17 18 19

$counts
 [1]  2  1  2  1  0  3  0  1  3 12  3 12 12  3  4  2

$density
 [1] 0.03278689 0.01639344 0.03278689 0.01639344 0.00000000 0.04918033
 [7] 0.00000000 0.01639344 0.04918033 0.19672131 0.04918033 0.19672131
[13] 0.19672131 0.04918033 0.06557377 0.03278689

$mids
 [1]  3.5  4.5  5.5  6.5  7.5  8.5  9.5 10.5 11.5 12.5 13.5 14.5 15.5 16.5 17.5
[16] 18.5

$xname
[1] "as.numeric(column)"

$equidist
[1] TRUE

attr(,"class")
[1] "histogram"
$breaks
 [1] 0.0 0.5 1.0 1.5 2.0 2.5 3.0 3.5 4.0 4.5 5.0 5.5 6.0 6.5 7.0 7.5 8.0

$counts
 [1]  1  2  0  2  0  8  0 14  0 18  0 10  0  5  0  1

$density
 [1] 0.03278689 0.06557377 0.00000000 0.06557377 0.00000000 0.26229508
 [7] 0.00000000 0.45901639 0.00000000 0.59016393 0.00000000 0.32786885
[13] 0.00000000 0.16393443 0.00000000 0.03278689

$mids
 [1] 0.25 0.75 1.25 1.75 2.25 2.75 3.25 3.75 4.25 4.75 5.25 5.75 6.25 6.75 7.25
[16] 7.75

$xname
[1] "as.numeric(column)"

$equidist
[1] TRUE

attr(,"class")
[1] "histogram"
$breaks
 [1] 0.0 0.2 0.4 0.6 0.8 1.0 1.2 1.4 1.6 1.8 2.0 2.2 2.4 2.6 2.8 3.0

$counts
 [1]  2  0  0  0 15  0  0  0  0 26  0  0  0  0 18

$density
 [1] 0.1639344 0.0000000 0.0000000 0.0000000 1.2295082 0.0000000 0.0000000
 [8] 0.0000000 0.0000000 2.1311475 0.0000000 0.0000000 0.0000000 0.0000000
[15] 1.4754098

$mids
 [1] 0.1 0.3 0.5 0.7 0.9 1.1 1.3 1.5 1.7 1.9 2.1 2.3 2.5 2.7 2.9

$xname
[1] "as.numeric(column)"

$equidist
[1] TRUE

attr(,"class")
[1] "histogram"
$breaks
 [1] 0.0 0.5 1.0 1.5 2.0 2.5 3.0 3.5 4.0 4.5 5.0 5.5 6.0 6.5 7.0 7.5 8.0

$counts
 [1]  3  2  0  1  0  0  0  0  0 10  0 15  0 10  0 20

$density
 [1] 0.09836066 0.06557377 0.00000000 0.03278689 0.00000000 0.00000000
 [7] 0.00000000 0.00000000 0.00000000 0.32786885 0.00000000 0.49180328
[13] 0.00000000 0.32786885 0.00000000 0.65573770

$mids
 [1] 0.25 0.75 1.25 1.75 2.25 2.75 3.25 3.75 4.25 4.75 5.25 5.75 6.25 6.75 7.25
[16] 7.75

$xname
[1] "as.numeric(column)"

$equidist
[1] TRUE

attr(,"class")
[1] "histogram"
$breaks
[1] -1  0

$counts
[1] 61

$density
[1] 1

$mids
[1] -0.5

$xname
[1] "as.numeric(column)"

$equidist
[1] TRUE

attr(,"class")
[1] "histogram"
