$breaks
 [1]   0  10  20  30  40  50  60  70  80  90 100 110 120 130 140 150 160 170

$counts
 [1] 10 10 10 10 10 10 10 10 10 10 10 10 10 10 10 10  4

$density
 [1] 0.006097561 0.006097561 0.006097561 0.006097561 0.006097561 0.006097561
 [7] 0.006097561 0.006097561 0.006097561 0.006097561 0.006097561 0.006097561
[13] 0.006097561 0.006097561 0.006097561 0.006097561 0.002439024

$mids
 [1]   5  15  25  35  45  55  65  75  85  95 105 115 125 135 145 155 165

$xname
[1] "as.numeric(column)"

$equidist
[1] TRUE

attr(,"class")
[1] "histogram"
$breaks
 [1] 1.0 1.5 2.0 2.5 3.0 3.5 4.0 4.5 5.0 5.5 6.0

$counts
 [1]  1 14  0 23  0 82  0 38  0  6

$density
 [1] 0.01219512 0.17073171 0.00000000 0.28048780 0.00000000 1.00000000
 [7] 0.00000000 0.46341463 0.00000000 0.07317073

$mids
 [1] 1.25 1.75 2.25 2.75 3.25 3.75 4.25 4.75 5.25 5.75

$xname
[1] "as.numeric(column)"

$equidist
[1] TRUE

attr(,"class")
[1] "histogram"
$breaks
 [1]  2.0  2.5  3.0  3.5  4.0  4.5  5.0  5.5  6.0  6.5  7.0  7.5  8.0  8.5  9.0
[16]  9.5 10.0

$counts
 [1]  2  5  0 15  0 26  0 33  0 37  0 35  0  9  0  2

$density
 [1] 0.02439024 0.06097561 0.00000000 0.18292683 0.00000000 0.31707317
 [7] 0.00000000 0.40243902 0.00000000 0.45121951 0.00000000 0.42682927
[13] 0.00000000 0.10975610 0.00000000 0.02439024

$mids
 [1] 2.25 2.75 3.25 3.75 4.25 4.75 5.25 5.75 6.25 6.75 7.25 7.75 8.25 8.75 9.25
[16] 9.75

$xname
[1] "as.numeric(column)"

$equidist
[1] TRUE

attr(,"class")
[1] "histogram"
$breaks
 [1] 0.0 0.2 0.4 0.6 0.8 1.0 1.2 1.4 1.6 1.8 2.0 2.2 2.4 2.6 2.8 3.0 3.2 3.4 3.6
[20] 3.8 4.0

$counts
 [1]  5  0  0  0 26  0  0  0  0 66  0  0  0  0 55  0  0  0  0 12

$density
 [1] 0.1524390 0.0000000 0.0000000 0.0000000 0.7926829 0.0000000 0.0000000
 [8] 0.0000000 0.0000000 2.0121951 0.0000000 0.0000000 0.0000000 0.0000000
[15] 1.6768293 0.0000000 0.0000000 0.0000000 0.0000000 0.3658537

$mids
 [1] 0.1 0.3 0.5 0.7 0.9 1.1 1.3 1.5 1.7 1.9 2.1 2.3 2.5 2.7 2.9 3.1 3.3 3.5 3.7
[20] 3.9

$xname
[1] "as.numeric(column)"

$equidist
[1] TRUE

attr(,"class")
[1] "histogram"
$breaks
[1] -1  0

$counts
[1] 164

$density
[1] 1

$mids
[1] -0.5

$xname
[1] "as.numeric(column)"

$equidist
[1] TRUE

attr(,"class")
[1] "histogram"
