$breaks
 [1]  0  5 10 15 20 25 30 35 40 45

$counts
[1] 5 5 5 5 5 5 5 5 4

$density
[1] 0.02272727 0.02272727 0.02272727 0.02272727 0.02272727 0.02272727 0.02272727
[8] 0.02272727 0.01818182

$mids
[1]  2.5  7.5 12.5 17.5 22.5 27.5 32.5 37.5 42.5

$xname
[1] "as.numeric(column)"

$equidist
[1] TRUE

attr(,"class")
[1] "histogram"
$breaks
 [1]  6  7  8  9 10 11 12 13 14 15 16 17 18 19 20 21 22 23 24

$counts
 [1] 2 2 3 3 3 2 3 1 6 2 5 2 1 1 2 2 2 2

$density
 [1] 0.04545455 0.04545455 0.06818182 0.06818182 0.06818182 0.04545455
 [7] 0.06818182 0.02272727 0.13636364 0.04545455 0.11363636 0.04545455
[13] 0.02272727 0.02272727 0.04545455 0.04545455 0.04545455 0.04545455

$mids
 [1]  6.5  7.5  8.5  9.5 10.5 11.5 12.5 13.5 14.5 15.5 16.5 17.5 18.5 19.5 20.5
[16] 21.5 22.5 23.5

$xname
[1] "as.numeric(column)"

$equidist
[1] TRUE

attr(,"class")
[1] "histogram"
$breaks
 [1] 2.0 2.5 3.0 3.5 4.0 4.5 5.0 5.5 6.0 6.5 7.0 7.5 8.0

$counts
 [1]  1  6  0  7  0 10  0 10  0  6  0  4

$density
 [1] 0.04545455 0.27272727 0.00000000 0.31818182 0.00000000 0.45454545
 [7] 0.00000000 0.45454545 0.00000000 0.27272727 0.00000000 0.18181818

$mids
 [1] 2.25 2.75 3.25 3.75 4.25 4.75 5.25 5.75 6.25 6.75 7.25 7.75

$xname
[1] "as.numeric(column)"

$equidist
[1] TRUE

attr(,"class")
[1] "histogram"
$breaks
 [1] 0.0 0.5 1.0 1.5 2.0 2.5 3.0 3.5 4.0 4.5 5.0

$counts
 [1]  6  8  0  6  0 16  0  6  0  2

$density
 [1] 0.27272727 0.36363636 0.00000000 0.27272727 0.00000000 0.72727273
 [7] 0.00000000 0.27272727 0.00000000 0.09090909

$mids
 [1] 0.25 0.75 1.25 1.75 2.25 2.75 3.25 3.75 4.25 4.75

$xname
[1] "as.numeric(column)"

$equidist
[1] TRUE

attr(,"class")
[1] "histogram"
$breaks
 [1]  2.0  2.5  3.0  3.5  4.0  4.5  5.0  5.5  6.0  6.5  7.0  7.5  8.0  8.5  9.0
[16]  9.5 10.0 10.5 11.0

$counts
 [1] 3 4 0 3 0 8 0 8 0 4 0 4 0 2 0 4 0 4

$density
 [1] 0.13636364 0.18181818 0.00000000 0.13636364 0.00000000 0.36363636
 [7] 0.00000000 0.36363636 0.00000000 0.18181818 0.00000000 0.18181818
[13] 0.00000000 0.09090909 0.00000000 0.18181818 0.00000000 0.18181818

$mids
 [1]  2.25  2.75  3.25  3.75  4.25  4.75  5.25  5.75  6.25  6.75  7.25  7.75
[13]  8.25  8.75  9.25  9.75 10.25 10.75

$xname
[1] "as.numeric(column)"

$equidist
[1] TRUE

attr(,"class")
[1] "histogram"
$breaks
[1] -1  0

$counts
[1] 44

$density
[1] 1

$mids
[1] -0.5

$xname
[1] "as.numeric(column)"

$equidist
[1] TRUE

attr(,"class")
[1] "histogram"
