$breaks
 [1]  0  5 10 15 20 25 30 35 40 45

$counts
[1] 5 5 5 5 5 5 5 5 4

$density
[1] 0.02272727 0.02272727 0.02272727 0.02272727 0.02272727 0.02272727 0.02272727
[8] 0.02272727 0.01818182

$mids
[1]  2.5  7.5 12.5 17.5 22.5 27.5 32.5 37.5 42.5

$xname
[1] "as.numeric(column)"

$equidist
[1] TRUE

attr(,"class")
[1] "histogram"
$breaks
 [1]  2  3  4  5  6  7  8  9 10 11 12 13

$counts
 [1]  4  0  2  4  4  4  4  4  4  4 10

$density
 [1] 0.09090909 0.00000000 0.04545455 0.09090909 0.09090909 0.09090909
 [7] 0.09090909 0.09090909 0.09090909 0.09090909 0.22727273

$mids
 [1]  2.5  3.5  4.5  5.5  6.5  7.5  8.5  9.5 10.5 11.5 12.5

$xname
[1] "as.numeric(column)"

$equidist
[1] TRUE

attr(,"class")
[1] "histogram"
$breaks
 [1]  0  1  2  3  4  5  6  7  8  9 10 11

$counts
 [1]  2  2  0  6  2  6  2  6  2  6 10

$density
 [1] 0.04545455 0.04545455 0.00000000 0.13636364 0.04545455 0.13636364
 [7] 0.04545455 0.13636364 0.04545455 0.13636364 0.22727273

$mids
 [1]  0.5  1.5  2.5  3.5  4.5  5.5  6.5  7.5  8.5  9.5 10.5

$xname
[1] "as.numeric(column)"

$equidist
[1] TRUE

attr(,"class")
[1] "histogram"
$breaks
 [1] 0.00 0.05 0.10 0.15 0.20 0.25 0.30 0.35 0.40 0.45 0.50 0.55 0.60 0.65 0.70
[16] 0.75 0.80 0.85 0.90 0.95 1.00

$counts
 [1] 10  0  0  0  0  0  0  0  0  0  0  0  0  0  0  0  0  0  0 34

$density
 [1]  4.545455  0.000000  0.000000  0.000000  0.000000  0.000000  0.000000
 [8]  0.000000  0.000000  0.000000  0.000000  0.000000  0.000000  0.000000
[15]  0.000000  0.000000  0.000000  0.000000  0.000000 15.454545

$mids
 [1] 0.025 0.075 0.125 0.175 0.225 0.275 0.325 0.375 0.425 0.475 0.525 0.575
[13] 0.625 0.675 0.725 0.775 0.825 0.875 0.925 0.975

$xname
[1] "as.numeric(column)"

$equidist
[1] TRUE

attr(,"class")
[1] "histogram"
$breaks
[1] -1  0

$counts
[1] 44

$density
[1] 1

$mids
[1] -0.5

$xname
[1] "as.numeric(column)"

$equidist
[1] TRUE

attr(,"class")
[1] "histogram"
$breaks
[1] -1  0

$counts
[1] 44

$density
[1] 1

$mids
[1] -0.5

$xname
[1] "as.numeric(column)"

$equidist
[1] TRUE

attr(,"class")
[1] "histogram"
