$breaks
 [1]  0  2  4  6  8 10 12 14 16 18 20 22 24 26 28 30

$counts
 [1] 2 2 2 2 2 2 2 2 2 2 2 2 2 2 1

$density
 [1] 0.03448276 0.03448276 0.03448276 0.03448276 0.03448276 0.03448276
 [7] 0.03448276 0.03448276 0.03448276 0.03448276 0.03448276 0.03448276
[13] 0.03448276 0.03448276 0.01724138

$mids
 [1]  1  3  5  7  9 11 13 15 17 19 21 23 25 27 29

$xname
[1] "as.numeric(column)"

$equidist
[1] TRUE

attr(,"class")
[1] "histogram"
$breaks
 [1] 1.0 1.2 1.4 1.6 1.8 2.0 2.2 2.4 2.6 2.8 3.0 3.2 3.4 3.6 3.8 4.0 4.2 4.4 4.6
[20] 4.8 5.0

$counts
 [1]  1  0  0  0  4  0  0  0  0  8  0  0  0  0 11  0  0  0  0  5

$density
 [1] 0.1724138 0.0000000 0.0000000 0.0000000 0.6896552 0.0000000 0.0000000
 [8] 0.0000000 0.0000000 1.3793103 0.0000000 0.0000000 0.0000000 0.0000000
[15] 1.8965517 0.0000000 0.0000000 0.0000000 0.0000000 0.8620690

$mids
 [1] 1.1 1.3 1.5 1.7 1.9 2.1 2.3 2.5 2.7 2.9 3.1 3.3 3.5 3.7 3.9 4.1 4.3 4.5 4.7
[20] 4.9

$xname
[1] "as.numeric(column)"

$equidist
[1] TRUE

attr(,"class")
[1] "histogram"
$breaks
 [1] 1.0 1.2 1.4 1.6 1.8 2.0 2.2 2.4 2.6 2.8 3.0 3.2 3.4 3.6 3.8 4.0

$counts
 [1]  2  0  0  0  9  0  0  0  0 12  0  0  0  0  6

$density
 [1] 0.3448276 0.0000000 0.0000000 0.0000000 1.5517241 0.0000000 0.0000000
 [8] 0.0000000 0.0000000 2.0689655 0.0000000 0.0000000 0.0000000 0.0000000
[15] 1.0344828

$mids
 [1] 1.1 1.3 1.5 1.7 1.9 2.1 2.3 2.5 2.7 2.9 3.1 3.3 3.5 3.7 3.9

$xname
[1] "as.numeric(column)"

$equidist
[1] TRUE

attr(,"class")
[1] "histogram"
$breaks
 [1] 0.00 0.05 0.10 0.15 0.20 0.25 0.30 0.35 0.40 0.45 0.50 0.55 0.60 0.65 0.70
[16] 0.75 0.80 0.85 0.90 0.95 1.00

$counts
 [1] 27  0  0  0  0  0  0  0  0  0  0  0  0  0  0  0  0  0  0  2

$density
 [1] 18.62069  0.00000  0.00000  0.00000  0.00000  0.00000  0.00000  0.00000
 [9]  0.00000  0.00000  0.00000  0.00000  0.00000  0.00000  0.00000  0.00000
[17]  0.00000  0.00000  0.00000  1.37931

$mids
 [1] 0.025 0.075 0.125 0.175 0.225 0.275 0.325 0.375 0.425 0.475 0.525 0.575
[13] 0.625 0.675 0.725 0.775 0.825 0.875 0.925 0.975

$xname
[1] "as.numeric(column)"

$equidist
[1] TRUE

attr(,"class")
[1] "histogram"
$breaks
[1] -1  0

$counts
[1] 29

$density
[1] 1

$mids
[1] -0.5

$xname
[1] "as.numeric(column)"

$equidist
[1] TRUE

attr(,"class")
[1] "histogram"
