$breaks
 [1]  1  2  3  4  5  6  7  8  9 10 11 12 13 14 15 16 17 18 19 20 21 22

$counts
 [1] 2 1 1 1 1 1 1 1 1 1 1 1 1 1 1 1 1 1 1 1 1

$density
 [1] 0.09090909 0.04545455 0.04545455 0.04545455 0.04545455 0.04545455
 [7] 0.04545455 0.04545455 0.04545455 0.04545455 0.04545455 0.04545455
[13] 0.04545455 0.04545455 0.04545455 0.04545455 0.04545455 0.04545455
[19] 0.04545455 0.04545455 0.04545455

$mids
 [1]  1.5  2.5  3.5  4.5  5.5  6.5  7.5  8.5  9.5 10.5 11.5 12.5 13.5 14.5 15.5
[16] 16.5 17.5 18.5 19.5 20.5 21.5

$xname
[1] "as.numeric(column)"

$equidist
[1] TRUE

attr(,"class")
[1] "histogram"
$breaks
 [1] 0.0 0.1 0.2 0.3 0.4 0.5 0.6 0.7 0.8 0.9 1.0 1.1 1.2 1.3 1.4 1.5 1.6 1.7 1.8
[20] 1.9 2.0

$counts
 [1] 6 0 0 0 0 0 0 0 0 8 0 0 0 0 0 0 0 0 0 8

$density
 [1] 2.727273 0.000000 0.000000 0.000000 0.000000 0.000000 0.000000 0.000000
 [9] 0.000000 3.636364 0.000000 0.000000 0.000000 0.000000 0.000000 0.000000
[17] 0.000000 0.000000 0.000000 3.636364

$mids
 [1] 0.05 0.15 0.25 0.35 0.45 0.55 0.65 0.75 0.85 0.95 1.05 1.15 1.25 1.35 1.45
[16] 1.55 1.65 1.75 1.85 1.95

$xname
[1] "as.numeric(column)"

$equidist
[1] TRUE

attr(,"class")
[1] "histogram"
$breaks
 [1] 0.0 0.2 0.4 0.6 0.8 1.0 1.2 1.4 1.6 1.8 2.0 2.2 2.4 2.6 2.8 3.0 3.2 3.4 3.6
[20] 3.8 4.0

$counts
 [1] 6 0 0 0 2 0 0 0 0 8 0 0 0 0 2 0 0 0 0 4

$density
 [1] 1.3636364 0.0000000 0.0000000 0.0000000 0.4545455 0.0000000 0.0000000
 [8] 0.0000000 0.0000000 1.8181818 0.0000000 0.0000000 0.0000000 0.0000000
[15] 0.4545455 0.0000000 0.0000000 0.0000000 0.0000000 0.9090909

$mids
 [1] 0.1 0.3 0.5 0.7 0.9 1.1 1.3 1.5 1.7 1.9 2.1 2.3 2.5 2.7 2.9 3.1 3.3 3.5 3.7
[20] 3.9

$xname
[1] "as.numeric(column)"

$equidist
[1] TRUE

attr(,"class")
[1] "histogram"
$breaks
[1] -1  0

$counts
[1] 22

$density
[1] 1

$mids
[1] -0.5

$xname
[1] "as.numeric(column)"

$equidist
[1] TRUE

attr(,"class")
[1] "histogram"
$breaks
[1] -1  0

$counts
[1] 22

$density
[1] 1

$mids
[1] -0.5

$xname
[1] "as.numeric(column)"

$equidist
[1] TRUE

attr(,"class")
[1] "histogram"
