[1] "transformed data"
   Data_Set Data_Points Estimator_Label Estimator         M       P15       P25
1         1          34        Bayesian         1 0.7144747 0.4416667 0.4916667
2         1          34        A-Priori         2 0.8824038 0.3083333 0.3583333
3         1          34        Original         3 0.8834766 0.3083333 0.3333333
4         1          34      Regression         4 0.8926381 0.2166667 0.3333333
5         2          71        Bayesian         1 0.2091829 0.4178571 0.6178571
6         2          71        A-Priori         2 0.2753454 0.2964286 0.4875000
7         2          71        Original         3 0.2759596 0.2678571 0.5017857
8         2          71      Regression         4 0.2853946 0.3071429 0.5214286
9         3         105        Bayesian         1 1.2032886 0.2345455 0.4072727
10        3         105        A-Priori         2 1.8185504 0.1872727 0.2727273
11        3         105        Original         3 1.7949966 0.1972727 0.2827273
12        3         105      Regression         4 1.2085775 0.2654545 0.3690909
         P50 P_AVG
1  0.7583333  0.31
2  0.4750000  0.27
3  0.5583333  0.28
4  0.4750000  0.18
5  0.9571429  0.51
6  0.8875000  0.32
7  0.8875000  0.34
8  0.8732143  0.42
9  0.6663636  0.37
10 0.6172727  0.34
11 0.6272727  0.22
12 0.6463636  0.23
[1] 4
[1] 1
  Data_Set Data_Points Estimator_Label Estimator         M       P15       P25
1        1          34        Bayesian         1 0.7144747 0.4416667 0.4916667
5        2          71        Bayesian         1 0.2091829 0.4178571 0.6178571
9        3         105        Bayesian         1 1.2032886 0.2345455 0.4072727
        P50 P_AVG
1 0.7583333  0.31
5 0.9571429  0.51
9 0.6663636  0.37
[1]  34  71 105
[1] 0.4416667 0.4178571 0.2345455
[1] 2
   Data_Set Data_Points Estimator_Label Estimator         M       P15       P25
2         1          34        A-Priori         2 0.8824038 0.3083333 0.3583333
6         2          71        A-Priori         2 0.2753454 0.2964286 0.4875000
10        3         105        A-Priori         2 1.8185504 0.1872727 0.2727273
         P50 P_AVG
2  0.4750000  0.27
6  0.8875000  0.32
10 0.6172727  0.34
[1]  34  71 105
[1] 0.3083333 0.2964286 0.1872727
[1] 3
   Data_Set Data_Points Estimator_Label Estimator         M       P15       P25
3         1          34        Original         3 0.8834766 0.3083333 0.3333333
7         2          71        Original         3 0.2759596 0.2678571 0.5017857
11        3         105        Original         3 1.7949966 0.1972727 0.2827273
         P50 P_AVG
3  0.5583333  0.28
7  0.8875000  0.34
11 0.6272727  0.22
[1]  34  71 105
[1] 0.3083333 0.2678571 0.1972727
[1] 4
   Data_Set Data_Points Estimator_Label Estimator         M       P15       P25
4         1          34      Regression         4 0.8926381 0.2166667 0.3333333
8         2          71      Regression         4 0.2853946 0.3071429 0.5214286
12        3         105      Regression         4 1.2085775 0.2654545 0.3690909
         P50 P_AVG
4  0.4750000  0.18
8  0.8732143  0.42
12 0.6463636  0.23
[1]  34  71 105
[1] 0.2166667 0.3071429 0.2654545
  Data_Set Data_Points Estimator_Label Estimator         M       P15       P25
1        1          34        Bayesian         1 0.7144747 0.4416667 0.4916667
5        2          71        Bayesian         1 0.2091829 0.4178571 0.6178571
9        3         105        Bayesian         1 1.2032886 0.2345455 0.4072727
        P50 P_AVG
1 0.7583333  0.31
5 0.9571429  0.51
9 0.6663636  0.37
[1]  34  71 105
[1] 0.4916667 0.6178571 0.4072727
   Data_Set Data_Points Estimator_Label Estimator         M       P15       P25
2         1          34        A-Priori         2 0.8824038 0.3083333 0.3583333
6         2          71        A-Priori         2 0.2753454 0.2964286 0.4875000
10        3         105        A-Priori         2 1.8185504 0.1872727 0.2727273
         P50 P_AVG
2  0.4750000  0.27
6  0.8875000  0.32
10 0.6172727  0.34
[1]  34  71 105
[1] 0.3583333 0.4875000 0.2727273
   Data_Set Data_Points Estimator_Label Estimator         M       P15       P25
3         1          34        Original         3 0.8834766 0.3083333 0.3333333
7         2          71        Original         3 0.2759596 0.2678571 0.5017857
11        3         105        Original         3 1.7949966 0.1972727 0.2827273
         P50 P_AVG
3  0.5583333  0.28
7  0.8875000  0.34
11 0.6272727  0.22
[1]  34  71 105
[1] 0.3333333 0.5017857 0.2827273
   Data_Set Data_Points Estimator_Label Estimator         M       P15       P25
4         1          34      Regression         4 0.8926381 0.2166667 0.3333333
8         2          71      Regression         4 0.2853946 0.3071429 0.5214286
12        3         105      Regression         4 1.2085775 0.2654545 0.3690909
         P50 P_AVG
4  0.4750000  0.18
8  0.8732143  0.42
12 0.6463636  0.23
[1]  34  71 105
[1] 0.3333333 0.5214286 0.3690909
  Data_Set Data_Points Estimator_Label Estimator         M       P15       P25
1        1          34        Bayesian         1 0.7144747 0.4416667 0.4916667
5        2          71        Bayesian         1 0.2091829 0.4178571 0.6178571
9        3         105        Bayesian         1 1.2032886 0.2345455 0.4072727
        P50 P_AVG
1 0.7583333  0.31
5 0.9571429  0.51
9 0.6663636  0.37
[1]  34  71 105
[1] 0.7583333 0.9571429 0.6663636
   Data_Set Data_Points Estimator_Label Estimator         M       P15       P25
2         1          34        A-Priori         2 0.8824038 0.3083333 0.3583333
6         2          71        A-Priori         2 0.2753454 0.2964286 0.4875000
10        3         105        A-Priori         2 1.8185504 0.1872727 0.2727273
         P50 P_AVG
2  0.4750000  0.27
6  0.8875000  0.32
10 0.6172727  0.34
[1]  34  71 105
[1] 0.4750000 0.8875000 0.6172727
   Data_Set Data_Points Estimator_Label Estimator         M       P15       P25
3         1          34        Original         3 0.8834766 0.3083333 0.3333333
7         2          71        Original         3 0.2759596 0.2678571 0.5017857
11        3         105        Original         3 1.7949966 0.1972727 0.2827273
         P50 P_AVG
3  0.5583333  0.28
7  0.8875000  0.34
11 0.6272727  0.22
[1]  34  71 105
[1] 0.5583333 0.8875000 0.6272727
   Data_Set Data_Points Estimator_Label Estimator         M       P15       P25
4         1          34      Regression         4 0.8926381 0.2166667 0.3333333
8         2          71      Regression         4 0.2853946 0.3071429 0.5214286
12        3         105      Regression         4 1.2085775 0.2654545 0.3690909
         P50 P_AVG
4  0.4750000  0.18
8  0.8732143  0.42
12 0.6463636  0.23
[1]  34  71 105
[1] 0.4750000 0.8732143 0.6463636
  Data_Set Data_Points Estimator_Label Estimator         M       P15       P25
1        1          34        Bayesian         1 0.7144747 0.4416667 0.4916667
5        2          71        Bayesian         1 0.2091829 0.4178571 0.6178571
9        3         105        Bayesian         1 1.2032886 0.2345455 0.4072727
        P50 P_AVG
1 0.7583333  0.31
5 0.9571429  0.51
9 0.6663636  0.37
[1]  34  71 105
[1] 0.7144747 0.2091829 1.2032886
   Data_Set Data_Points Estimator_Label Estimator         M       P15       P25
2         1          34        A-Priori         2 0.8824038 0.3083333 0.3583333
6         2          71        A-Priori         2 0.2753454 0.2964286 0.4875000
10        3         105        A-Priori         2 1.8185504 0.1872727 0.2727273
         P50 P_AVG
2  0.4750000  0.27
6  0.8875000  0.32
10 0.6172727  0.34
[1]  34  71 105
[1] 0.8824038 0.2753454 1.8185504
   Data_Set Data_Points Estimator_Label Estimator         M       P15       P25
3         1          34        Original         3 0.8834766 0.3083333 0.3333333
7         2          71        Original         3 0.2759596 0.2678571 0.5017857
11        3         105        Original         3 1.7949966 0.1972727 0.2827273
         P50 P_AVG
3  0.5583333  0.28
7  0.8875000  0.34
11 0.6272727  0.22
[1]  34  71 105
[1] 0.8834766 0.2759596 1.7949966
   Data_Set Data_Points Estimator_Label Estimator         M       P15       P25
4         1          34      Regression         4 0.8926381 0.2166667 0.3333333
8         2          71      Regression         4 0.2853946 0.3071429 0.5214286
12        3         105      Regression         4 1.2085775 0.2654545 0.3690909
         P50 P_AVG
4  0.4750000  0.18
8  0.8732143  0.42
12 0.6463636  0.23
[1]  34  71 105
[1] 0.8926381 0.2853946 1.2085775
  Data_Set Data_Points Estimator_Label Estimator         M       P15       P25
1        1          34        Bayesian         1 0.7144747 0.4416667 0.4916667
5        2          71        Bayesian         1 0.2091829 0.4178571 0.6178571
9        3         105        Bayesian         1 1.2032886 0.2345455 0.4072727
        P50 P_AVG
1 0.7583333  0.31
5 0.9571429  0.51
9 0.6663636  0.37
[1]  34  71 105
[1] 0.31 0.51 0.37
   Data_Set Data_Points Estimator_Label Estimator         M       P15       P25
2         1          34        A-Priori         2 0.8824038 0.3083333 0.3583333
6         2          71        A-Priori         2 0.2753454 0.2964286 0.4875000
10        3         105        A-Priori         2 1.8185504 0.1872727 0.2727273
         P50 P_AVG
2  0.4750000  0.27
6  0.8875000  0.32
10 0.6172727  0.34
[1]  34  71 105
[1] 0.27 0.32 0.34
   Data_Set Data_Points Estimator_Label Estimator         M       P15       P25
3         1          34        Original         3 0.8834766 0.3083333 0.3333333
7         2          71        Original         3 0.2759596 0.2678571 0.5017857
11        3         105        Original         3 1.7949966 0.1972727 0.2827273
         P50 P_AVG
3  0.5583333  0.28
7  0.8875000  0.34
11 0.6272727  0.22
[1]  34  71 105
[1] 0.28 0.34 0.22
   Data_Set Data_Points Estimator_Label Estimator         M       P15       P25
4         1          34      Regression         4 0.8926381 0.2166667 0.3333333
8         2          71      Regression         4 0.2853946 0.3071429 0.5214286
12        3         105      Regression         4 1.2085775 0.2654545 0.3690909
         P50 P_AVG
4  0.4750000  0.18
8  0.8732143  0.42
12 0.6463636  0.23
[1]  34  71 105
[1] 0.18 0.42 0.23
