$breaks
 [1]  1.0  1.5  2.0  2.5  3.0  3.5  4.0  4.5  5.0  5.5  6.0  6.5  7.0  7.5  8.0
[16]  8.5  9.0  9.5 10.0 10.5 11.0

$counts
 [1] 1 1 0 1 0 1 0 1 0 1 0 1 0 1 0 1 0 1 0 1

$density
 [1] 0.1818182 0.1818182 0.0000000 0.1818182 0.0000000 0.1818182 0.0000000
 [8] 0.1818182 0.0000000 0.1818182 0.0000000 0.1818182 0.0000000 0.1818182
[15] 0.0000000 0.1818182 0.0000000 0.1818182 0.0000000 0.1818182

$mids
 [1]  1.25  1.75  2.25  2.75  3.25  3.75  4.25  4.75  5.25  5.75  6.25  6.75
[13]  7.25  7.75  8.25  8.75  9.25  9.75 10.25 10.75

$xname
[1] "as.numeric(column)"

$equidist
[1] TRUE

attr(,"class")
[1] "histogram"
$breaks
 [1] 1.0 1.2 1.4 1.6 1.8 2.0 2.2 2.4 2.6 2.8 3.0 3.2 3.4 3.6 3.8 4.0 4.2 4.4 4.6
[20] 4.8 5.0

$counts
 [1] 2 0 0 0 3 0 0 0 0 2 0 0 0 0 2 0 0 0 0 2

$density
 [1] 0.9090909 0.0000000 0.0000000 0.0000000 1.3636364 0.0000000 0.0000000
 [8] 0.0000000 0.0000000 0.9090909 0.0000000 0.0000000 0.0000000 0.0000000
[15] 0.9090909 0.0000000 0.0000000 0.0000000 0.0000000 0.9090909

$mids
 [1] 1.1 1.3 1.5 1.7 1.9 2.1 2.3 2.5 2.7 2.9 3.1 3.3 3.5 3.7 3.9 4.1 4.3 4.5 4.7
[20] 4.9

$xname
[1] "as.numeric(column)"

$equidist
[1] TRUE

attr(,"class")
[1] "histogram"
$breaks
 [1] 2.0 2.5 3.0 3.5 4.0 4.5 5.0 5.5 6.0 6.5 7.0

$counts
 [1] 3 2 0 2 0 2 0 1 0 1

$density
 [1] 0.5454545 0.3636364 0.0000000 0.3636364 0.0000000 0.3636364 0.0000000
 [8] 0.1818182 0.0000000 0.1818182

$mids
 [1] 2.25 2.75 3.25 3.75 4.25 4.75 5.25 5.75 6.25 6.75

$xname
[1] "as.numeric(column)"

$equidist
[1] TRUE

attr(,"class")
[1] "histogram"
$breaks
 [1] 0.0 0.2 0.4 0.6 0.8 1.0 1.2 1.4 1.6 1.8 2.0 2.2 2.4 2.6 2.8 3.0

$counts
 [1] 3 0 0 0 1 0 0 0 0 6 0 0 0 0 1

$density
 [1] 1.3636364 0.0000000 0.0000000 0.0000000 0.4545455 0.0000000 0.0000000
 [8] 0.0000000 0.0000000 2.7272727 0.0000000 0.0000000 0.0000000 0.0000000
[15] 0.4545455

$mids
 [1] 0.1 0.3 0.5 0.7 0.9 1.1 1.3 1.5 1.7 1.9 2.1 2.3 2.5 2.7 2.9

$xname
[1] "as.numeric(column)"

$equidist
[1] TRUE

attr(,"class")
[1] "histogram"
$breaks
[1] -1  0

$counts
[1] 11

$density
[1] 1

$mids
[1] -0.5

$xname
[1] "as.numeric(column)"

$equidist
[1] TRUE

attr(,"class")
[1] "histogram"
