$breaks
 [1]  0  2  4  6  8 10 12 14 16 18 20 22 24 26 28 30

$counts
 [1] 2 2 2 2 2 2 2 2 2 2 2 2 2 2 2

$density
 [1] 0.03333333 0.03333333 0.03333333 0.03333333 0.03333333 0.03333333
 [7] 0.03333333 0.03333333 0.03333333 0.03333333 0.03333333 0.03333333
[13] 0.03333333 0.03333333 0.03333333

$mids
 [1]  1  3  5  7  9 11 13 15 17 19 21 23 25 27 29

$xname
[1] "as.numeric(column)"

$equidist
[1] TRUE

attr(,"class")
[1] "histogram"
$breaks
 [1] 3.0 3.5 4.0 4.5 5.0 5.5 6.0 6.5 7.0 7.5 8.0

$counts
 [1] 2 3 0 4 0 9 0 9 0 3

$density
 [1] 0.1333333 0.2000000 0.0000000 0.2666667 0.0000000 0.6000000 0.0000000
 [8] 0.6000000 0.0000000 0.2000000

$mids
 [1] 3.25 3.75 4.25 4.75 5.25 5.75 6.25 6.75 7.25 7.75

$xname
[1] "as.numeric(column)"

$equidist
[1] TRUE

attr(,"class")
[1] "histogram"
$breaks
 [1] 0.0 0.1 0.2 0.3 0.4 0.5 0.6 0.7 0.8 0.9 1.0 1.1 1.2 1.3 1.4 1.5 1.6 1.7 1.8
[20] 1.9 2.0

$counts
 [1]  5  0  0  0  0  0  0  0  0 22  0  0  0  0  0  0  0  0  0  3

$density
 [1] 1.666667 0.000000 0.000000 0.000000 0.000000 0.000000 0.000000 0.000000
 [9] 0.000000 7.333333 0.000000 0.000000 0.000000 0.000000 0.000000 0.000000
[17] 0.000000 0.000000 0.000000 1.000000

$mids
 [1] 0.05 0.15 0.25 0.35 0.45 0.55 0.65 0.75 0.85 0.95 1.05 1.15 1.25 1.35 1.45
[16] 1.55 1.65 1.75 1.85 1.95

$xname
[1] "as.numeric(column)"

$equidist
[1] TRUE

attr(,"class")
[1] "histogram"
$breaks
 [1] 0.0 0.2 0.4 0.6 0.8 1.0 1.2 1.4 1.6 1.8 2.0 2.2 2.4 2.6 2.8 3.0 3.2 3.4 3.6
[20] 3.8 4.0

$counts
 [1]  2  0  0  0  3  0  0  0  0 10  0  0  0  0 12  0  0  0  0  3

$density
 [1] 0.3333333 0.0000000 0.0000000 0.0000000 0.5000000 0.0000000 0.0000000
 [8] 0.0000000 0.0000000 1.6666667 0.0000000 0.0000000 0.0000000 0.0000000
[15] 2.0000000 0.0000000 0.0000000 0.0000000 0.0000000 0.5000000

$mids
 [1] 0.1 0.3 0.5 0.7 0.9 1.1 1.3 1.5 1.7 1.9 2.1 2.3 2.5 2.7 2.9 3.1 3.3 3.5 3.7
[20] 3.9

$xname
[1] "as.numeric(column)"

$equidist
[1] TRUE

attr(,"class")
[1] "histogram"
$breaks
 [1] 1.00 1.05 1.10 1.15 1.20 1.25 1.30 1.35 1.40 1.45 1.50 1.55 1.60 1.65 1.70
[16] 1.75 1.80 1.85 1.90 1.95 2.00

$counts
 [1] 10  0  0  0  0  0  0  0  0  0  0  0  0  0  0  0  0  0  0 20

$density
 [1]  6.666667  0.000000  0.000000  0.000000  0.000000  0.000000  0.000000
 [8]  0.000000  0.000000  0.000000  0.000000  0.000000  0.000000  0.000000
[15]  0.000000  0.000000  0.000000  0.000000  0.000000 13.333333

$mids
 [1] 1.025 1.075 1.125 1.175 1.225 1.275 1.325 1.375 1.425 1.475 1.525 1.575
[13] 1.625 1.675 1.725 1.775 1.825 1.875 1.925 1.975

$xname
[1] "as.numeric(column)"

$equidist
[1] TRUE

attr(,"class")
[1] "histogram"
$breaks
[1] -1  0

$counts
[1] 30

$density
[1] 1

$mids
[1] -0.5

$xname
[1] "as.numeric(column)"

$equidist
[1] TRUE

attr(,"class")
[1] "histogram"
