$breaks
 [1]  1  2  3  4  5  6  7  8  9 10 11 12 13 14 15 16

$counts
 [1] 2 1 1 1 1 1 1 1 1 1 1 1 1 1 1

$density
 [1] 0.1250 0.0625 0.0625 0.0625 0.0625 0.0625 0.0625 0.0625 0.0625 0.0625
[11] 0.0625 0.0625 0.0625 0.0625 0.0625

$mids
 [1]  1.5  2.5  3.5  4.5  5.5  6.5  7.5  8.5  9.5 10.5 11.5 12.5 13.5 14.5 15.5

$xname
[1] "as.numeric(column)"

$equidist
[1] TRUE

attr(,"class")
[1] "histogram"
$breaks
 [1] 1.0 1.2 1.4 1.6 1.8 2.0 2.2 2.4 2.6 2.8 3.0 3.2 3.4 3.6 3.8 4.0

$counts
 [1] 1 0 0 0 6 0 0 0 0 7 0 0 0 0 2

$density
 [1] 0.3125 0.0000 0.0000 0.0000 1.8750 0.0000 0.0000 0.0000 0.0000 2.1875
[11] 0.0000 0.0000 0.0000 0.0000 0.6250

$mids
 [1] 1.1 1.3 1.5 1.7 1.9 2.1 2.3 2.5 2.7 2.9 3.1 3.3 3.5 3.7 3.9

$xname
[1] "as.numeric(column)"

$equidist
[1] TRUE

attr(,"class")
[1] "histogram"
$breaks
 [1] 3.0 3.5 4.0 4.5 5.0 5.5 6.0 6.5 7.0 7.5 8.0 8.5 9.0

$counts
 [1] 1 1 0 3 0 3 0 3 0 4 0 1

$density
 [1] 0.125 0.125 0.000 0.375 0.000 0.375 0.000 0.375 0.000 0.500 0.000 0.125

$mids
 [1] 3.25 3.75 4.25 4.75 5.25 5.75 6.25 6.75 7.25 7.75 8.25 8.75

$xname
[1] "as.numeric(column)"

$equidist
[1] TRUE

attr(,"class")
[1] "histogram"
$breaks
 [1] 1.0 1.1 1.2 1.3 1.4 1.5 1.6 1.7 1.8 1.9 2.0 2.1 2.2 2.3 2.4 2.5 2.6 2.7 2.8
[20] 2.9 3.0

$counts
 [1] 4 0 0 0 0 0 0 0 0 8 0 0 0 0 0 0 0 0 0 4

$density
 [1] 2.5 0.0 0.0 0.0 0.0 0.0 0.0 0.0 0.0 5.0 0.0 0.0 0.0 0.0 0.0 0.0 0.0 0.0 0.0
[20] 2.5

$mids
 [1] 1.05 1.15 1.25 1.35 1.45 1.55 1.65 1.75 1.85 1.95 2.05 2.15 2.25 2.35 2.45
[16] 2.55 2.65 2.75 2.85 2.95

$xname
[1] "as.numeric(column)"

$equidist
[1] TRUE

attr(,"class")
[1] "histogram"
$breaks
[1] -1  0

$counts
[1] 16

$density
[1] 1

$mids
[1] -0.5

$xname
[1] "as.numeric(column)"

$equidist
[1] TRUE

attr(,"class")
[1] "histogram"
