   Effort_Real variable   value
1        724.0     EUCP  146.68
2        482.0     EUCP  132.10
3        257.5     EUCP   77.92
4        263.0     EUCP  148.18
5        571.0     EUCP  186.70
6        268.5     EUCP  118.17
7        266.0     EUCP  113.05
8        140.5     EUCP  115.68
9       1281.0     EUCP   81.19
10      1482.5     EUCP  242.53
11       617.0     EUCP  304.47
12      1347.0     EUCP  101.61
13      3680.0     EUCP 1067.00
14       302.5     EUCP  155.32
15      1965.0     EUCP  125.89
16      1392.0     EUCP  272.40
17       804.5     EUCP  227.15
18      1592.0     EUCP  301.03
19      3113.0     EUCP  307.87
20       737.0     EUCP  651.10
21       724.0    EXUCP  126.38
22       482.0    EXUCP  186.10
23       257.5    EXUCP   61.57
24       263.0    EXUCP  126.09
25       571.0    EXUCP  181.21
26       268.5    EXUCP  107.86
27       266.0    EXUCP  158.62
28       140.5    EXUCP   97.28
29      1281.0    EXUCP   63.63
30      1482.5    EXUCP  277.69
31       617.0    EXUCP  220.31
32      1347.0    EXUCP   77.98
33      3680.0    EXUCP 1061.06
34       302.5    EXUCP  293.67
35      1965.0    EXUCP  268.39
36      1392.0    EXUCP   85.13
37       804.5    EXUCP  169.68
38      1592.0    EXUCP  163.68
39      3113.0    EXUCP  214.17
40       737.0    EXUCP   69.27
41       724.0     DUCP  110.70
42       482.0     DUCP  192.75
43       257.5     DUCP   50.99
44       263.0     DUCP  101.24
45       571.0     DUCP  153.75
46       268.5     DUCP  100.35
47       266.0     DUCP  182.29
48       140.5     DUCP   89.39
49      1281.0     DUCP   55.59
50      1482.5     DUCP  248.69
51       617.0     DUCP  191.43
52      1347.0     DUCP   70.89
53      3680.0     DUCP 1173.84
54       302.5     DUCP  288.32
55      1965.0     DUCP  307.73
56      1392.0     DUCP   96.48
57       804.5     DUCP  134.10
58      1592.0     DUCP  136.53
59      3113.0     DUCP  288.63
60       737.0     DUCP   49.26
[1] "correlation between effort and EUCP"
[1] "linear regression of effort on EUCP"
[1] 0.4036713
              Estimate  Std. Error  t value    Pr(>|t|)
(Intercept) 425.460604 250.3229051 1.699647 0.106412547
EUCP          2.620321   0.7506666 3.490658 0.002610307
[1] "predicted values"
   predicted actual
1   809.8092  724.0
2   771.6050  482.0
3   629.6360  257.5
4   813.7397  263.0
5   914.6745  571.0
6   735.1039  268.5
7   721.6878  266.0
8   728.5793  140.5
9   638.2044 1281.0
10 1060.9670 1482.5
11 1223.2696  617.0
12  691.7114 1347.0
13 3221.3427 3680.0
14  832.4488  302.5
15  755.3328 1965.0
16 1139.2359 1392.0
17 1020.6664  804.5
18 1214.2557 1592.0
19 1232.1787 3113.0
20 2131.5513  737.0
[1] "correlation between effort and EXUCP"
[1] "linear regression of effort on EXUCP"
[1] 0.4501405
              Estimate  Std. Error  t value    Pr(>|t|)
(Intercept) 462.215446 226.9254745 2.036860 0.056645697
EXUCP         3.003088   0.7823185 3.838702 0.001203025
[1] "predicted values"
   predicted actual
1   841.7457  724.0
2  1021.0901  482.0
3   647.1156  257.5
4   840.8748  263.0
5  1006.4050  571.0
6   786.1285  268.5
7   938.5652  266.0
8   754.3558  140.5
9   653.3019 1281.0
10 1296.1429 1482.5
11 1123.8257  617.0
12  696.3962 1347.0
13 3648.6717 3680.0
14 1344.1322  302.5
15 1268.2142 1965.0
16  717.8683 1392.0
17  971.7794  804.5
18  953.7608 1592.0
19 1105.3867 3113.0
20  670.2393  737.0
[1] "correlation between effort and DUCP"
[1] "linear regression of effort on DUCP"
[1] 0.5075103
              Estimate  Std. Error  t value     Pr(>|t|)
(Intercept) 496.621978 203.6218379 2.438943 0.0253147804
DUCP          2.822198   0.6552806 4.306854 0.0004245967
[1] "predicted values"
   predicted actual
1   809.0393  724.0
2  1040.6006  482.0
3   640.5258  257.5
4   782.3413  263.0
5   930.5349  571.0
6   779.8295  268.5
7  1011.0804  266.0
8   748.8982  140.5
9   653.5080 1281.0
10 1198.4743 1482.5
11 1036.8753  617.0
12  696.6876 1347.0
13 3809.4306 3680.0
14 1310.3180  302.5
15 1365.0969 1965.0
16  768.9076 1392.0
17  875.0787  804.5
18  881.9366 1592.0
19 1311.1929 3113.0
20  635.6434  737.0
[1] "eucp testing set predication"
  predicted actual
1  951.4751  724.0
2  916.8200  482.0
3  788.0400  257.5
4  955.0405  263.0
5 1046.5984  571.0
[1] 1.348182
[1] 0.0 0.0 0.2
[1] "exucp testing set predication"
  predicted actual
1  997.9217  724.0
2 1165.4736  482.0
3  816.0891  257.5
4  997.1080  263.0
5 1151.7541  571.0
[1] 1.554797
[1] 0.0 0.0 0.2
[1] "ducp testing set predication"
  predicted actual
1  956.7663  724.0
2 1173.8011  482.0
3  798.8242  257.5
4  931.7431  263.0
5 1070.6401  571.0
[1] 1.455356
[1] 0.0 0.0 0.2
[1] "eucp testing set predication"
   predicted actual
6   782.9323  268.5
7   770.0874  266.0
8   776.6855  140.5
9   690.1579 1281.0
10 1094.9232 1482.5
[1] 1.812339
[1] 0.0 0.0 0.4
[1] "exucp testing set predication"
   predicted actual
6   864.0310  268.5
7  1011.0949  266.0
8   833.3782  140.5
9   735.8861 1281.0
10 1356.0692 1482.5
[1] 2.092288
[1] 0.2 0.2 0.4
[1] "ducp testing set predication"
   predicted actual
6   852.1945  268.5
7  1077.5633  266.0
8   822.0500  140.5
9   729.0860 1281.0
10 1260.1907 1482.5
[1] 2.131318
[1] 0.2 0.2 0.4
[1] "eucp testing set predication"
   predicted actual
11 1080.1989  617.0
12  683.1975 1347.0
13 2572.4868 3680.0
14  788.3091  302.5
15  730.7140 1965.0
[1] 0.7557198
[1] 0.0 0.0 0.4
[1] "exucp testing set predication"
   predicted actual
11 1322.1800  617.0
12  566.4428 1347.0
13 5786.3553 3680.0
14 1711.7035  302.5
15 1577.4730 1965.0
[1] 1.430103
[1] 0.0 0.2 0.2
[1] "ducp testing set predication"
   predicted actual
11 1269.4942  617.0
12  493.7448 1347.0
13 7591.9099 3680.0
14 1893.0413  302.5
15 2017.9566 1965.0
[1] 1.607786
[1] 0.2 0.2 0.2
[1] "eucp testing set predication"
   predicted actual
16 1108.5860 1392.0
17  969.4401  804.5
18 1196.6246 1592.0
19 1217.6579 3113.0
20 2273.1066  737.0
[1] 0.6700184
[1] 0.0 0.6 0.6
[1] "exucp testing set predication"
   predicted actual
16  480.3614 1392.0
17  748.5580  804.5
18  729.5257 1592.0
19  889.6824 3113.0
20  430.0528  737.0
[1] 0.4793781
[1] 0.2 0.2 0.4
[1] "ducp testing set predication"
   predicted actual
16  554.6272 1392.0
17  661.7729  804.5
18  668.6938 1592.0
19 1101.8905 3113.0
20  420.1397  737.0
[1] 0.4869813
[1] 0.0 0.2 0.4
[1] "10 cross validation results"
     eucp_mmre eucp_pred15 eucp_pred25 eucp_pred50 exucp_mmre exucp_pred15
[1,] 1.3481824           0         0.0         0.2  1.4553556          0.0
[2,] 1.8123389           0         0.0         0.4  2.1313180          0.2
[3,] 0.7557198           0         0.0         0.4  1.6077865          0.0
[4,] 0.6700184           0         0.6         0.6  0.4869813          0.2
     exucp_pred25 exucp_pred50 ducp_mmre ducp_pred15 ducp_pred25 ducp_pred50
[1,]          0.0          0.2 1.4553556         0.0         0.0         0.2
[2,]          0.2          0.4 2.1313180         0.2         0.2         0.4
[3,]          0.2          0.2 1.6077865         0.2         0.2         0.2
[4,]          0.2          0.4 0.4869813         0.0         0.2         0.4
   eucp_mmre  eucp_pred15  eucp_pred25  eucp_pred50   exucp_mmre exucp_pred15 
    1.146565     0.000000     0.150000     0.400000     1.420360     0.100000 
exucp_pred25 exucp_pred50    ducp_mmre  ducp_pred15  ducp_pred25  ducp_pred50 
    0.150000     0.300000     1.420360     0.100000     0.150000     0.300000 
