[1] "correlation matrix:"
                Effort_Norm_UCP  UAW  TCF    EF UEUCW_ALY UEXUCW_ALY UDUCW_ALY
Effort_Norm_UCP            1.00 0.13 0.29 -0.08      0.54       0.58      0.65
UAW                        0.13 1.00 0.06  0.24      0.15       0.44      0.46
TCF                        0.29 0.06 1.00  0.77      0.56       0.18      0.23
EF                        -0.08 0.24 0.77  1.00      0.51       0.19      0.20
UEUCW_ALY                  0.54 0.15 0.56  0.51      1.00       0.70      0.69
UEXUCW_ALY                 0.58 0.44 0.18  0.19      0.70       1.00      0.98
UDUCW_ALY                  0.65 0.46 0.23  0.20      0.69       0.98      1.00
   Effort_Norm_UCP  variable   value
1           464.25  EUCP_ALY   77.92
2          1141.90  EUCP_ALY  381.19
3          2529.00  EUCP_ALY  701.61
4           393.63  EUCP_ALY  113.05
5           240.63  EUCP_ALY  115.68
6           194.09  EUCP_ALY  118.17
7          2447.93  EUCP_ALY  425.89
8           681.71  EUCP_ALY  132.10
9           652.02  EUCP_ALY  146.68
10          294.61  EUCP_ALY  148.18
11          572.18  EUCP_ALY  155.32
12          681.05  EUCP_ALY  186.70
13          549.82  EUCP_ALY  227.15
14         2045.26  EUCP_ALY  642.53
15          931.84  EUCP_ALY  272.40
16         1645.54  EUCP_ALY  301.03
17          579.54  EUCP_ALY  304.47
18         3216.99  EUCP_ALY  807.87
19          787.06  EUCP_ALY  251.10
20         3264.97  EUCP_ALY 1067.00
21          464.25 EXUCP_ALY   61.57
22         1141.90 EXUCP_ALY  463.63
23         2529.00 EXUCP_ALY  777.98
24          393.63 EXUCP_ALY  158.62
25          240.63 EXUCP_ALY   97.28
26          194.09 EXUCP_ALY  107.86
27         2447.93 EXUCP_ALY  568.39
28          681.71 EXUCP_ALY  186.10
29          652.02 EXUCP_ALY  126.38
30          294.61 EXUCP_ALY  126.09
31          572.18 EXUCP_ALY  293.67
32          681.05 EXUCP_ALY  181.21
33          549.82 EXUCP_ALY  169.68
34         2045.26 EXUCP_ALY  677.69
35          931.84 EXUCP_ALY   85.13
36         1645.54 EXUCP_ALY  363.68
37          579.54 EXUCP_ALY  220.31
38         3216.99 EXUCP_ALY  914.17
39          787.06 EXUCP_ALY  169.27
40         3264.97 EXUCP_ALY 1061.06
41          464.25  DUCP_ALY   50.99
42         1141.90  DUCP_ALY  455.59
43         2529.00  DUCP_ALY  670.89
44          393.63  DUCP_ALY  182.29
45          240.63  DUCP_ALY   89.39
46          194.09  DUCP_ALY  100.35
47         2447.93  DUCP_ALY  607.73
48          681.71  DUCP_ALY  192.75
49          652.02  DUCP_ALY  110.70
50          294.61  DUCP_ALY  101.24
51          572.18  DUCP_ALY  288.32
52          681.05  DUCP_ALY  153.75
53          549.82  DUCP_ALY  134.10
54         2045.26  DUCP_ALY  648.69
55          931.84  DUCP_ALY   96.48
56         1645.54  DUCP_ALY  336.53
57          579.54  DUCP_ALY  191.43
58         3216.99  DUCP_ALY  888.63
59          787.06  DUCP_ALY  149.26
60         3264.97  DUCP_ALY 1173.84
[1] "correlation between effort and EUCP_ALY"
[1] "linear regression of effort on EUCP_ALY"
[1] 0.88021
            Estimate  Std. Error    t value     Pr(>|t|)
(Intercept) 35.62482 126.1065360  0.2824978 7.807846e-01
EUCP_ALY     3.43695   0.2988506 11.5005652 9.973654e-10
[1] "correlation between effort and EXUCP"
[1] "linear regression of effort on EXUCP_ALY"
[1] 0.9151556
             Estimate  Std. Error    t value     Pr(>|t|)
(Intercept) 91.598045 101.8185801  0.8996201 3.802005e-01
EXUCP_ALY    3.154594   0.2263973 13.9338826 4.396866e-11
[1] "correlation between effort and DUCP"
[1] "linear regression of effort on DUCP_ALY"
[1] 0.9027918
  [1] -100.000000  -86.122828  -72.245657  -58.368485  -44.491313  -30.614141
  [7]  -16.736970   -2.859798   11.017374   24.894545   38.771717   52.648889
 [13]   66.526061   80.403232   94.280404  108.157576  122.034747  135.911919
 [19]  149.789091  163.666263  177.543434  191.420606  205.297778  219.174949
 [25]  233.052121  246.929293  260.806465  274.683636  288.560808  302.437980
 [31]  316.315152  330.192323  344.069495  357.946667  371.823838  385.701010
 [37]  399.578182  413.455354  427.332525  441.209697  455.086869  468.964040
 [43]  482.841212  496.718384  510.595556  524.472727  538.349899  552.227071
 [49]  566.104242  579.981414  593.858586  607.735758  621.612929  635.490101
 [55]  649.367273  663.244444  677.121616  690.998788  704.875960  718.753131
 [61]  732.630303  746.507475  760.384646  774.261818  788.138990  802.016162
 [67]  815.893333  829.770505  843.647677  857.524848  871.402020  885.279192
 [73]  899.156364  913.033535  926.910707  940.787879  954.665051  968.542222
 [79]  982.419394  996.296566 1010.173737 1024.050909 1037.928081 1051.805253
 [85] 1065.682424 1079.559596 1093.436768 1107.313939 1121.191111 1135.068283
 [91] 1148.945455 1162.822626 1176.699798 1190.576970 1204.454141 1218.331313
 [97] 1232.208485 1246.085657 1259.962828 1273.840000
           fit        lwr       upr
1   -142.17557 -402.06212  117.7110
2   -100.07947 -354.40295  154.2440
3    -57.98337 -306.80746  190.8407
4    -15.88727 -259.27996  227.5054
5     26.20883 -211.82510  264.2428
6     68.30493 -164.44790  301.0578
7    110.40103 -117.15377  337.9558
8    152.49712  -69.94853  374.9428
9    194.59322  -22.83845  412.0249
10   236.68932   24.16973  449.2089
11   278.78542   71.06880  486.5020
12   320.88152  117.85099  523.9120
13   362.97762  164.50804  561.4472
14   405.07372  211.03112  599.1163
15   447.16981  257.41085  636.9288
16   489.26591  303.63731  674.8945
17   531.36201  349.70005  713.0240
18   573.45811  395.58810  751.3281
19   615.55421  441.29008  789.8183
20   657.65031  486.79418  828.5064
21   699.74641  532.08836  867.4045
22   741.84251  577.16037  906.5246
23   783.93860  621.99797  945.8792
24   826.03470  666.58907  985.4803
25   868.13080  710.92193 1025.3397
26   910.22690  754.98538 1065.4684
27   952.32300  798.76908 1105.8769
28   994.41910  842.26371 1146.5745
29  1036.51520  885.46125 1187.5691
30  1078.61129  928.35515 1228.8674
31  1120.70739  970.94058 1270.4742
32  1162.80349 1013.21449 1312.3925
33  1204.89959 1055.17579 1354.6234
34  1246.99569 1096.82531 1397.1661
35  1289.09179 1138.16582 1440.0178
36  1331.18789 1179.20192 1483.1739
37  1373.28399 1219.93994 1526.6280
38  1415.38008 1260.38771 1570.3725
39  1457.47618 1300.55437 1614.3980
40  1499.57228 1340.45015 1658.6944
41  1541.66838 1380.08611 1703.2506
42  1583.76448 1419.47393 1748.0550
43  1625.86058 1458.62566 1793.0955
44  1667.95668 1497.55354 1838.3598
45  1710.05277 1536.26981 1883.8357
46  1752.14887 1574.78656 1929.5112
47  1794.24497 1613.11564 1975.3743
48  1836.34107 1651.26848 2021.4137
49  1878.43717 1689.25613 2067.6182
50  1920.53327 1727.08909 2113.9774
51  1962.62937 1764.77737 2160.4814
52  2004.72547 1802.33043 2207.1205
53  2046.82156 1839.75715 2253.8860
54  2088.91766 1877.06591 2300.7694
55  2131.01376 1914.26450 2347.7630
56  2173.10986 1951.36023 2394.8595
57  2215.20596 1988.35991 2442.0520
58  2257.30206 2025.26986 2489.3343
59  2299.39816 2062.09596 2536.7003
60  2341.49425 2098.84369 2584.1448
61  2383.59035 2135.51810 2631.6626
62  2425.68645 2172.12389 2679.2490
63  2467.78255 2208.66545 2726.8997
64  2509.87865 2245.14679 2774.6105
65  2551.97475 2281.57168 2822.3778
66  2594.07085 2317.94360 2870.1981
67  2636.16695 2354.26577 2918.0681
68  2678.26304 2390.54118 2965.9849
69  2720.35914 2426.77262 3013.9457
70  2762.45524 2462.96267 3061.9478
71  2804.55134 2499.11373 3109.9889
72  2846.64744 2535.22804 3158.0668
73  2888.74354 2571.30767 3206.1794
74  2930.83964 2607.35455 3254.3247
75  2972.93574 2643.37050 3302.5010
76  3015.03183 2679.35719 3350.7065
77  3057.12793 2715.31618 3398.9397
78  3099.22403 2751.24896 3447.1991
79  3141.32013 2787.15687 3495.4834
80  3183.41623 2823.04121 3543.7912
81  3225.51233 2858.90318 3592.1215
82  3267.60843 2894.74389 3640.4730
83  3309.70452 2930.56439 3688.8447
84  3351.80062 2966.36568 3737.2356
85  3393.89672 3002.14869 3785.6448
86  3435.99282 3037.91427 3834.0714
87  3478.08892 3073.66325 3882.5146
88  3520.18502 3109.39640 3930.9736
89  3562.28112 3145.11444 3979.4478
90  3604.37722 3180.81806 4027.9364
91  3646.47331 3216.50790 4076.4387
92  3688.56941 3252.18456 4124.9543
93  3730.66551 3287.84862 4173.4824
94  3772.76161 3323.50062 4222.0226
95  3814.85771 3359.14107 4270.5743
96  3856.95381 3394.77046 4319.1372
97  3899.04991 3430.38924 4367.7106
98  3941.14600 3465.99784 4416.2942
99  3983.24210 3501.59669 4464.8875
100 4025.33820 3537.18616 4513.4902
              Estimate  Std. Error   t value     Pr(>|t|)
(Intercept) 161.172259 105.3843851  1.529375 1.435552e-01
DUCP_ALY      3.033478   0.2346185 12.929410 1.504857e-10
[1] "eucp testing set predication"
   predicted actual
15  962.9165 931.84
1   288.6166 464.25
[1] 0.205833
[1] 0.5 0.5 1.0
[1] "exucp testing set predication"
   predicted actual
15  278.8356 931.84
1   201.2370 464.25
[1] 0.633651
[1] 0 0 0
[1] "ducp testing set predication"
   predicted actual
15  392.3589 931.84
1   249.7553 464.25
[1] 0.5204829
[1] 0.0 0.0 0.5
[1] "eucp testing set predication"
   predicted actual
19  892.0834 787.06
8   480.4124 681.71
[1] 0.2143605
[1] 0.5 0.5 1.0
[1] "exucp testing set predication"
   predicted actual
19  612.9058 787.06
8   666.3114 681.71
[1] 0.12193
[1] 0.5 1.0 1.0
[1] "ducp testing set predication"
   predicted actual
19  605.1494 787.06
8   737.6738 681.71
[1] 0.1566099
[1] 0.5 1.0 1.0
[1] "eucp testing set predication"
   predicted  actual
20 4059.4528 3264.97
9   491.2839  652.02
[1] 0.2449278
[1] 0 1 1
[1] "exucp testing set predication"
   predicted  actual
20  3544.056 3264.97
9    464.973  652.02
[1] 0.186176
[1] 0.5 0.5 1.0
[1] "ducp testing set predication"
   predicted  actual
20 4093.8489 3264.97
9   438.5185  652.02
[1] 0.2906583
[1] 0 0 1
[1] "eucp testing set predication"
   predicted  actual
6   428.8483  194.09
16 1053.0167 1645.54
[1] 0.7848057
[1] 0.0 0.0 0.5
[1] "exucp testing set predication"
   predicted  actual
6   431.6532  194.09
16 1229.0420 1645.54
[1] 0.738546
[1] 0.0 0.0 0.5
[1] "ducp testing set predication"
   predicted  actual
6   463.4637  194.09
16 1171.6118 1645.54
[1] 0.837944
[1] 0.0 0.0 0.5
[1] "eucp testing set predication"
   predicted  actual
14 2271.1639 2045.26
12  681.4239  681.05
[1] 0.05550073
[1] 1 1 1
[1] "exucp testing set predication"
   predicted  actual
14 2253.2516 2045.26
12  666.2116  681.05
[1] 0.06174102
[1] 1 1 1
[1] "ducp testing set predication"
   predicted  actual
14 2137.5501 2045.26
12  625.6448  681.05
[1] 0.06323829
[1] 1 1 1
[1] "eucp testing set predication"
   predicted  actual
2   1384.983 1141.90
17  1121.324  579.54
[1] 0.5738639
[1] 0.0 0.5 0.5
[1] "exucp testing set predication"
   predicted  actual
2  1590.4567 1141.90
17  819.1549  579.54
[1] 0.4031366
[1] 0 0 1
[1] "ducp testing set predication"
   predicted  actual
2  1576.3388 1141.90
17  771.1003  579.54
[1] 0.3554956
[1] 0 0 1
[1] "eucp testing set predication"
   predicted  actual
3  2433.2237 2529.00
10  564.5233  294.61
[1] 0.4770214
[1] 0.5 0.5 0.5
[1] "exucp testing set predication"
   predicted  actual
3  2547.9443 2529.00
10  505.4328  294.61
[1] 0.3615451
[1] 0.5 0.5 0.5
[1] "ducp testing set predication"
   predicted  actual
3  2155.6473 2529.00
10  480.0387  294.61
[1] 0.3885163
[1] 0.5 0.5 0.5
[1] "eucp testing set predication"
   predicted actual
4   447.4709 393.63
13  836.3044 549.82
[1] 0.328916
[1] 0.5 0.5 0.5
[1] "exucp testing set predication"
   predicted actual
4   613.9201 393.63
13  648.4454 549.82
[1] 0.3695076
[1] 0.0 0.5 0.5
[1] "ducp testing set predication"
   predicted actual
4   738.4338 393.63
13  593.8202 549.82
[1] 0.4779928
[1] 0.5 0.5 0.5
[1] "eucp testing set predication"
   predicted  actual
11  528.0561  572.18
7  1440.5565 2447.93
[1] 0.244318
[1] 0.5 0.5 1.0
[1] "exucp testing set predication"
   predicted  actual
11  1014.792  572.18
7   1856.685 2447.93
[1] 0.507541
[1] 0.0 0.5 0.5
[1] "ducp testing set predication"
   predicted  actual
11  1039.327  572.18
7   1982.456 2447.93
[1] 0.5032918
[1] 0.0 0.5 0.5
[1] "eucp testing set predication"
   predicted  actual
18 2695.4805 3216.99
5   463.5823  240.63
[1] 0.5443235
[1] 0.0 0.5 0.5
[1] "exucp testing set predication"
   predicted  actual
18 2891.4564 3216.99
5   423.9534  240.63
[1] 0.4315197
[1] 0.5 0.5 0.5
[1] "ducp testing set predication"
   predicted  actual
18 2749.4353 3216.99
5   461.1948  240.63
[1] 0.5309766
[1] 0.5 0.5 0.5
[1] "10 cross validation results"
       eucp_mmre eucp_pred15 eucp_pred25 eucp_pred50 exucp_mmre exucp_pred15
 [1,] 0.20583303         0.5         0.5         1.0 0.63365097          0.0
 [2,] 0.21436048         0.5         0.5         1.0 0.12193004          0.5
 [3,] 0.24492782         0.0         1.0         1.0 0.18617596          0.5
 [4,] 0.78480573         0.0         0.0         0.5 0.73854604          0.0
 [5,] 0.05550073         1.0         1.0         1.0 0.06174102          1.0
 [6,] 0.57386385         0.0         0.5         0.5 0.40313657          0.0
 [7,] 0.47702142         0.5         0.5         0.5 0.36154514          0.5
 [8,] 0.32891596         0.5         0.5         0.5 0.36950759          0.0
 [9,] 0.24431802         0.5         0.5         1.0 0.50754099          0.0
[10,] 0.54432348         0.0         0.5         0.5 0.43151974          0.5
      exucp_pred25 exucp_pred50  ducp_mmre ducp_pred15 ducp_pred25 ducp_pred50
 [1,]          0.0          0.0 0.52048293         0.0         0.0         0.5
 [2,]          1.0          1.0 0.15660993         0.5         1.0         1.0
 [3,]          0.5          1.0 0.29065831         0.0         0.0         1.0
 [4,]          0.0          0.5 0.83794400         0.0         0.0         0.5
 [5,]          1.0          1.0 0.06323829         1.0         1.0         1.0
 [6,]          0.0          1.0 0.35549558         0.0         0.0         1.0
 [7,]          0.5          0.5 0.38851632         0.5         0.5         0.5
 [8,]          0.5          0.5 0.47799285         0.5         0.5         0.5
 [9,]          0.5          0.5 0.50329175         0.0         0.5         0.5
[10,]          0.5          0.5 0.53097658         0.5         0.5         0.5
   eucp_mmre  eucp_pred15  eucp_pred25  eucp_pred50   exucp_mmre exucp_pred15 
   0.3673871    0.3500000    0.5500000    0.7500000    0.3815294    0.3000000 
exucp_pred25 exucp_pred50    ducp_mmre  ducp_pred15  ducp_pred25  ducp_pred50 
   0.4500000    0.6500000    0.4125207    0.3000000    0.4000000    0.7000000 
