$breaks
 [1]  0  5 10 15 20 25 30 35 40 45 50 55 60 65

$counts
 [1] 5 5 5 5 5 5 5 5 5 5 5 5 3

$density
 [1] 0.01587302 0.01587302 0.01587302 0.01587302 0.01587302 0.01587302
 [7] 0.01587302 0.01587302 0.01587302 0.01587302 0.01587302 0.01587302
[13] 0.00952381

$mids
 [1]  2.5  7.5 12.5 17.5 22.5 27.5 32.5 37.5 42.5 47.5 52.5 57.5 62.5

$xname
[1] "as.numeric(column)"

$equidist
[1] TRUE

attr(,"class")
[1] "histogram"
$breaks
 [1] 0.0 0.2 0.4 0.6 0.8 1.0 1.2 1.4 1.6 1.8 2.0 2.2 2.4 2.6 2.8 3.0

$counts
 [1]  5  0  0  0 28  0  0  0  0 25  0  0  0  0  5

$density
 [1] 0.3968254 0.0000000 0.0000000 0.0000000 2.2222222 0.0000000 0.0000000
 [8] 0.0000000 0.0000000 1.9841270 0.0000000 0.0000000 0.0000000 0.0000000
[15] 0.3968254

$mids
 [1] 0.1 0.3 0.5 0.7 0.9 1.1 1.3 1.5 1.7 1.9 2.1 2.3 2.5 2.7 2.9

$xname
[1] "as.numeric(column)"

$equidist
[1] TRUE

attr(,"class")
[1] "histogram"
$breaks
 [1] 0.0 0.2 0.4 0.6 0.8 1.0 1.2 1.4 1.6 1.8 2.0 2.2 2.4 2.6 2.8 3.0 3.2 3.4 3.6
[20] 3.8 4.0

$counts
 [1]  8  0  0  0 10  0  0  0  0 25  0  0  0  0 10  0  0  0  0 10

$density
 [1] 0.6349206 0.0000000 0.0000000 0.0000000 0.7936508 0.0000000 0.0000000
 [8] 0.0000000 0.0000000 1.9841270 0.0000000 0.0000000 0.0000000 0.0000000
[15] 0.7936508 0.0000000 0.0000000 0.0000000 0.0000000 0.7936508

$mids
 [1] 0.1 0.3 0.5 0.7 0.9 1.1 1.3 1.5 1.7 1.9 2.1 2.3 2.5 2.7 2.9 3.1 3.3 3.5 3.7
[20] 3.9

$xname
[1] "as.numeric(column)"

$equidist
[1] TRUE

attr(,"class")
[1] "histogram"
$breaks
[1] -1  0

$counts
[1] 63

$density
[1] 1

$mids
[1] -0.5

$xname
[1] "as.numeric(column)"

$equidist
[1] TRUE

attr(,"class")
[1] "histogram"
$breaks
[1] -1  0

$counts
[1] 63

$density
[1] 1

$mids
[1] -0.5

$xname
[1] "as.numeric(column)"

$equidist
[1] TRUE

attr(,"class")
[1] "histogram"
