$breaks
 [1] 1.0 1.5 2.0 2.5 3.0 3.5 4.0 4.5 5.0 5.5 6.0

$counts
 [1] 1 1 0 1 0 1 0 1 0 1

$density
 [1] 0.3333333 0.3333333 0.0000000 0.3333333 0.0000000 0.3333333 0.0000000
 [8] 0.3333333 0.0000000 0.3333333

$mids
 [1] 1.25 1.75 2.25 2.75 3.25 3.75 4.25 4.75 5.25 5.75

$xname
[1] "as.numeric(column)"

$equidist
[1] TRUE

attr(,"class")
[1] "histogram"
$breaks
 [1] 3.0 3.1 3.2 3.3 3.4 3.5 3.6 3.7 3.8 3.9 4.0 4.1 4.2 4.3 4.4 4.5 4.6 4.7 4.8
[20] 4.9 5.0

$counts
 [1] 1 0 0 0 0 0 0 0 0 4 0 0 0 0 0 0 0 0 0 1

$density
 [1] 1.666667 0.000000 0.000000 0.000000 0.000000 0.000000 0.000000 0.000000
 [9] 0.000000 6.666667 0.000000 0.000000 0.000000 0.000000 0.000000 0.000000
[17] 0.000000 0.000000 0.000000 1.666667

$mids
 [1] 3.05 3.15 3.25 3.35 3.45 3.55 3.65 3.75 3.85 3.95 4.05 4.15 4.25 4.35 4.45
[16] 4.55 4.65 4.75 4.85 4.95

$xname
[1] "as.numeric(column)"

$equidist
[1] TRUE

attr(,"class")
[1] "histogram"
$breaks
 [1] 1.00 1.05 1.10 1.15 1.20 1.25 1.30 1.35 1.40 1.45 1.50 1.55 1.60 1.65 1.70
[16] 1.75 1.80 1.85 1.90 1.95 2.00

$counts
 [1] 5 0 0 0 0 0 0 0 0 0 0 0 0 0 0 0 0 0 0 1

$density
 [1] 16.666667  0.000000  0.000000  0.000000  0.000000  0.000000  0.000000
 [8]  0.000000  0.000000  0.000000  0.000000  0.000000  0.000000  0.000000
[15]  0.000000  0.000000  0.000000  0.000000  0.000000  3.333333

$mids
 [1] 1.025 1.075 1.125 1.175 1.225 1.275 1.325 1.375 1.425 1.475 1.525 1.575
[13] 1.625 1.675 1.725 1.775 1.825 1.875 1.925 1.975

$xname
[1] "as.numeric(column)"

$equidist
[1] TRUE

attr(,"class")
[1] "histogram"
$breaks
 [1] 0.0 0.1 0.2 0.3 0.4 0.5 0.6 0.7 0.8 0.9 1.0 1.1 1.2 1.3 1.4 1.5 1.6 1.7 1.8
[20] 1.9 2.0

$counts
 [1] 1 0 0 0 0 0 0 0 0 3 0 0 0 0 0 0 0 0 0 2

$density
 [1] 1.666667 0.000000 0.000000 0.000000 0.000000 0.000000 0.000000 0.000000
 [9] 0.000000 5.000000 0.000000 0.000000 0.000000 0.000000 0.000000 0.000000
[17] 0.000000 0.000000 0.000000 3.333333

$mids
 [1] 0.05 0.15 0.25 0.35 0.45 0.55 0.65 0.75 0.85 0.95 1.05 1.15 1.25 1.35 1.45
[16] 1.55 1.65 1.75 1.85 1.95

$xname
[1] "as.numeric(column)"

$equidist
[1] TRUE

attr(,"class")
[1] "histogram"
$breaks
 [1] 0.00 0.05 0.10 0.15 0.20 0.25 0.30 0.35 0.40 0.45 0.50 0.55 0.60 0.65 0.70
[16] 0.75 0.80 0.85 0.90 0.95 1.00

$counts
 [1] 2 0 0 0 0 0 0 0 0 0 0 0 0 0 0 0 0 0 0 4

$density
 [1]  6.666667  0.000000  0.000000  0.000000  0.000000  0.000000  0.000000
 [8]  0.000000  0.000000  0.000000  0.000000  0.000000  0.000000  0.000000
[15]  0.000000  0.000000  0.000000  0.000000  0.000000 13.333333

$mids
 [1] 0.025 0.075 0.125 0.175 0.225 0.275 0.325 0.375 0.425 0.475 0.525 0.575
[13] 0.625 0.675 0.725 0.775 0.825 0.875 0.925 0.975

$xname
[1] "as.numeric(column)"

$equidist
[1] TRUE

attr(,"class")
[1] "histogram"
$breaks
[1] -1  0

$counts
[1] 6

$density
[1] 1

$mids
[1] -0.5

$xname
[1] "as.numeric(column)"

$equidist
[1] TRUE

attr(,"class")
[1] "histogram"
