$breaks
 [1] 1.00 1.05 1.10 1.15 1.20 1.25 1.30 1.35 1.40 1.45 1.50 1.55 1.60 1.65 1.70
[16] 1.75 1.80 1.85 1.90 1.95 2.00

$counts
 [1] 1 0 0 0 0 0 0 0 0 0 0 0 0 0 0 0 0 0 0 1

$density
 [1] 10  0  0  0  0  0  0  0  0  0  0  0  0  0  0  0  0  0  0 10

$mids
 [1] 1.025 1.075 1.125 1.175 1.225 1.275 1.325 1.375 1.425 1.475 1.525 1.575
[13] 1.625 1.675 1.725 1.775 1.825 1.875 1.925 1.975

$xname
[1] "as.numeric(column)"

$equidist
[1] TRUE

attr(,"class")
[1] "histogram"
$breaks
 [1] 5.00 5.05 5.10 5.15 5.20 5.25 5.30 5.35 5.40 5.45 5.50 5.55 5.60 5.65 5.70
[16] 5.75 5.80 5.85 5.90 5.95 6.00

$counts
 [1] 1 0 0 0 0 0 0 0 0 0 0 0 0 0 0 0 0 0 0 1

$density
 [1] 10  0  0  0  0  0  0  0  0  0  0  0  0  0  0  0  0  0  0 10

$mids
 [1] 5.025 5.075 5.125 5.175 5.225 5.275 5.325 5.375 5.425 5.475 5.525 5.575
[13] 5.625 5.675 5.725 5.775 5.825 5.875 5.925 5.975

$xname
[1] "as.numeric(column)"

$equidist
[1] TRUE

attr(,"class")
[1] "histogram"
$breaks
 [1] 1.00 1.05 1.10 1.15 1.20 1.25 1.30 1.35 1.40 1.45 1.50 1.55 1.60 1.65 1.70
[16] 1.75 1.80 1.85 1.90 1.95 2.00

$counts
 [1] 1 0 0 0 0 0 0 0 0 0 0 0 0 0 0 0 0 0 0 1

$density
 [1] 10  0  0  0  0  0  0  0  0  0  0  0  0  0  0  0  0  0  0 10

$mids
 [1] 1.025 1.075 1.125 1.175 1.225 1.275 1.325 1.375 1.425 1.475 1.525 1.575
[13] 1.625 1.675 1.725 1.775 1.825 1.875 1.925 1.975

$xname
[1] "as.numeric(column)"

$equidist
[1] TRUE

attr(,"class")
[1] "histogram"
$breaks
 [1] 1.00 1.05 1.10 1.15 1.20 1.25 1.30 1.35 1.40 1.45 1.50 1.55 1.60 1.65 1.70
[16] 1.75 1.80 1.85 1.90 1.95 2.00

$counts
 [1] 1 0 0 0 0 0 0 0 0 0 0 0 0 0 0 0 0 0 0 1

$density
 [1] 10  0  0  0  0  0  0  0  0  0  0  0  0  0  0  0  0  0  0 10

$mids
 [1] 1.025 1.075 1.125 1.175 1.225 1.275 1.325 1.375 1.425 1.475 1.525 1.575
[13] 1.625 1.675 1.725 1.775 1.825 1.875 1.925 1.975

$xname
[1] "as.numeric(column)"

$equidist
[1] TRUE

attr(,"class")
[1] "histogram"
$breaks
 [1] 1.00 1.05 1.10 1.15 1.20 1.25 1.30 1.35 1.40 1.45 1.50 1.55 1.60 1.65 1.70
[16] 1.75 1.80 1.85 1.90 1.95 2.00

$counts
 [1] 1 0 0 0 0 0 0 0 0 0 0 0 0 0 0 0 0 0 0 1

$density
 [1] 10  0  0  0  0  0  0  0  0  0  0  0  0  0  0  0  0  0  0 10

$mids
 [1] 1.025 1.075 1.125 1.175 1.225 1.275 1.325 1.375 1.425 1.475 1.525 1.575
[13] 1.625 1.675 1.725 1.775 1.825 1.875 1.925 1.975

$xname
[1] "as.numeric(column)"

$equidist
[1] TRUE

attr(,"class")
[1] "histogram"
$breaks
[1] -1  0

$counts
[1] 2

$density
[1] 1

$mids
[1] -0.5

$xname
[1] "as.numeric(column)"

$equidist
[1] TRUE

attr(,"class")
[1] "histogram"
