C:/Users/Kan Qi/Google Drive/ResearchSpace/Research Projects/UMLx$breaks
 [1] 4.0 4.2 4.4 4.6 4.8 5.0 5.2 5.4 5.6 5.8 6.0 6.2 6.4 6.6 6.8 7.0

$counts
 [1] 1 0 0 0 0 0 0 0 0 2 0 0 0 0 1

$density
 [1] 1.25 0.00 0.00 0.00 0.00 0.00 0.00 0.00 0.00 2.50 0.00 0.00 0.00 0.00 1.25

$mids
 [1] 4.1 4.3 4.5 4.7 4.9 5.1 5.3 5.5 5.7 5.9 6.1 6.3 6.5 6.7 6.9

$xname
[1] "intPathData"

$equidist
[1] TRUE

attr(,"class")
[1] "histogram"
$breaks
 [1] 4.0 4.2 4.4 4.6 4.8 5.0 5.2 5.4 5.6 5.8 6.0 6.2 6.4 6.6 6.8 7.0

$counts
 [1] 1 0 0 0 0 0 0 0 0 2 0 0 0 0 1

$density
 [1] 1.25 0.00 0.00 0.00 0.00 0.00 0.00 0.00 0.00 2.50 0.00 0.00 0.00 0.00 1.25

$mids
 [1] 4.1 4.3 4.5 4.7 4.9 5.1 5.3 5.5 5.7 5.9 6.1 6.3 6.5 6.7 6.9

$xname
[1] "ctrlPathData"

$equidist
[1] TRUE

attr(,"class")
[1] "histogram"
$breaks
[1] -1  0

$counts
[1] 1

$density
[1] 1

$mids
[1] -0.5

$xname
[1] "eiPathData"

$equidist
[1] TRUE

attr(,"class")
[1] "histogram"
$breaks
 [1] 6.00 6.05 6.10 6.15 6.20 6.25 6.30 6.35 6.40 6.45 6.50 6.55 6.60 6.65 6.70
[16] 6.75 6.80 6.85 6.90 6.95 7.00

$counts
 [1] 2 0 0 0 0 0 0 0 0 0 0 0 0 0 0 0 0 0 0 1

$density
 [1] 13.333333  0.000000  0.000000  0.000000  0.000000  0.000000  0.000000
 [8]  0.000000  0.000000  0.000000  0.000000  0.000000  0.000000  0.000000
[15]  0.000000  0.000000  0.000000  0.000000  0.000000  6.666667

$mids
 [1] 6.025 6.075 6.125 6.175 6.225 6.275 6.325 6.375 6.425 6.475 6.525 6.575
[13] 6.625 6.675 6.725 6.775 6.825 6.875 6.925 6.975

$xname
[1] "eqPathData"

$equidist
[1] TRUE

attr(,"class")
[1] "histogram"
$breaks
[1] -1  0

$counts
[1] 1

$density
[1] 1

$mids
[1] -0.5

$xname
[1] "extivkPathData"

$equidist
[1] TRUE

attr(,"class")
[1] "histogram"
$breaks
[1] -1  0

$counts
[1] 1

$density
[1] 1

$mids
[1] -0.5

$xname
[1] "extcllPathData"

$equidist
[1] TRUE

attr(,"class")
[1] "histogram"
$breaks
 [1] 5.0 5.1 5.2 5.3 5.4 5.5 5.6 5.7 5.8 5.9 6.0 6.1 6.2 6.3 6.4 6.5 6.6 6.7 6.8
[20] 6.9 7.0

$counts
 [1] 1 0 0 0 0 0 0 0 0 1 0 0 0 0 0 0 0 0 0 1

$density
 [1] 3.333333 0.000000 0.000000 0.000000 0.000000 0.000000 0.000000 0.000000
 [9] 0.000000 3.333333 0.000000 0.000000 0.000000 0.000000 0.000000 0.000000
[17] 0.000000 0.000000 0.000000 3.333333

$mids
 [1] 5.05 5.15 5.25 5.35 5.45 5.55 5.65 5.75 5.85 5.95 6.05 6.15 6.25 6.35 6.45
[16] 6.55 6.65 6.75 6.85 6.95

$xname
[1] "naPathData"

$equidist
[1] TRUE

attr(,"class")
[1] "histogram"
     [,1]
[1,]  0.7
[2,]  1.9
[3,]  3.1
