$breaks
 [1]  1  2  3  4  5  6  7  8  9 10 11 12

$counts
 [1] 2 1 1 1 1 1 1 1 1 1 1

$density
 [1] 0.16666667 0.08333333 0.08333333 0.08333333 0.08333333 0.08333333
 [7] 0.08333333 0.08333333 0.08333333 0.08333333 0.08333333

$mids
 [1]  1.5  2.5  3.5  4.5  5.5  6.5  7.5  8.5  9.5 10.5 11.5

$xname
[1] "as.numeric(column)"

$equidist
[1] TRUE

attr(,"class")
[1] "histogram"
$breaks
 [1] 4.00 4.05 4.10 4.15 4.20 4.25 4.30 4.35 4.40 4.45 4.50 4.55 4.60 4.65 4.70
[16] 4.75 4.80 4.85 4.90 4.95 5.00

$counts
 [1] 3 0 0 0 0 0 0 0 0 0 0 0 0 0 0 0 0 0 0 9

$density
 [1]  5  0  0  0  0  0  0  0  0  0  0  0  0  0  0  0  0  0  0 15

$mids
 [1] 4.025 4.075 4.125 4.175 4.225 4.275 4.325 4.375 4.425 4.475 4.525 4.575
[13] 4.625 4.675 4.725 4.775 4.825 4.875 4.925 4.975

$xname
[1] "as.numeric(column)"

$equidist
[1] TRUE

attr(,"class")
[1] "histogram"
$breaks
 [1] 1.0 1.2 1.4 1.6 1.8 2.0 2.2 2.4 2.6 2.8 3.0 3.2 3.4 3.6 3.8 4.0

$counts
 [1] 1 0 0 0 3 0 0 0 0 5 0 0 0 0 3

$density
 [1] 0.4166667 0.0000000 0.0000000 0.0000000 1.2500000 0.0000000 0.0000000
 [8] 0.0000000 0.0000000 2.0833333 0.0000000 0.0000000 0.0000000 0.0000000
[15] 1.2500000

$mids
 [1] 1.1 1.3 1.5 1.7 1.9 2.1 2.3 2.5 2.7 2.9 3.1 3.3 3.5 3.7 3.9

$xname
[1] "as.numeric(column)"

$equidist
[1] TRUE

attr(,"class")
[1] "histogram"
$breaks
 [1] 0.00 0.05 0.10 0.15 0.20 0.25 0.30 0.35 0.40 0.45 0.50 0.55 0.60 0.65 0.70
[16] 0.75 0.80 0.85 0.90 0.95 1.00

$counts
 [1] 9 0 0 0 0 0 0 0 0 0 0 0 0 0 0 0 0 0 0 3

$density
 [1] 15  0  0  0  0  0  0  0  0  0  0  0  0  0  0  0  0  0  0  5

$mids
 [1] 0.025 0.075 0.125 0.175 0.225 0.275 0.325 0.375 0.425 0.475 0.525 0.575
[13] 0.625 0.675 0.725 0.775 0.825 0.875 0.925 0.975

$xname
[1] "as.numeric(column)"

$equidist
[1] TRUE

attr(,"class")
[1] "histogram"
$breaks
 [1] 0.0 0.1 0.2 0.3 0.4 0.5 0.6 0.7 0.8 0.9 1.0 1.1 1.2 1.3 1.4 1.5 1.6 1.7 1.8
[20] 1.9 2.0

$counts
 [1] 6 0 0 0 0 0 0 0 0 4 0 0 0 0 0 0 0 0 0 2

$density
 [1] 5.000000 0.000000 0.000000 0.000000 0.000000 0.000000 0.000000 0.000000
 [9] 0.000000 3.333333 0.000000 0.000000 0.000000 0.000000 0.000000 0.000000
[17] 0.000000 0.000000 0.000000 1.666667

$mids
 [1] 0.05 0.15 0.25 0.35 0.45 0.55 0.65 0.75 0.85 0.95 1.05 1.15 1.25 1.35 1.45
[16] 1.55 1.65 1.75 1.85 1.95

$xname
[1] "as.numeric(column)"

$equidist
[1] TRUE

attr(,"class")
[1] "histogram"
$breaks
[1] -1  0

$counts
[1] 12

$density
[1] 1

$mids
[1] -0.5

$xname
[1] "as.numeric(column)"

$equidist
[1] TRUE

attr(,"class")
[1] "histogram"
