$breaks
 [1]  0  2  4  6  8 10 12 14 16 18 20 22 24 26 28 30 32 34 36 38 40 42 44

$counts
 [1] 2 2 2 2 2 2 2 2 2 2 2 2 2 2 2 2 2 2 2 2 2 1

$density
 [1] 0.02325581 0.02325581 0.02325581 0.02325581 0.02325581 0.02325581
 [7] 0.02325581 0.02325581 0.02325581 0.02325581 0.02325581 0.02325581
[13] 0.02325581 0.02325581 0.02325581 0.02325581 0.02325581 0.02325581
[19] 0.02325581 0.02325581 0.02325581 0.01162791

$mids
 [1]  1  3  5  7  9 11 13 15 17 19 21 23 25 27 29 31 33 35 37 39 41 43

$xname
[1] "as.numeric(column)"

$equidist
[1] TRUE

attr(,"class")
[1] "histogram"
$breaks
 [1] 0.0 0.1 0.2 0.3 0.4 0.5 0.6 0.7 0.8 0.9 1.0 1.1 1.2 1.3 1.4 1.5 1.6 1.7 1.8
[20] 1.9 2.0

$counts
 [1] 17  0  0  0  0  0  0  0  0 23  0  0  0  0  0  0  0  0  0  3

$density
 [1] 3.9534884 0.0000000 0.0000000 0.0000000 0.0000000 0.0000000 0.0000000
 [8] 0.0000000 0.0000000 5.3488372 0.0000000 0.0000000 0.0000000 0.0000000
[15] 0.0000000 0.0000000 0.0000000 0.0000000 0.0000000 0.6976744

$mids
 [1] 0.05 0.15 0.25 0.35 0.45 0.55 0.65 0.75 0.85 0.95 1.05 1.15 1.25 1.35 1.45
[16] 1.55 1.65 1.75 1.85 1.95

$xname
[1] "as.numeric(column)"

$equidist
[1] TRUE

attr(,"class")
[1] "histogram"
$breaks
 [1] 0.0 0.5 1.0 1.5 2.0 2.5 3.0 3.5 4.0 4.5 5.0 5.5 6.0

$counts
 [1] 5 8 0 3 0 6 0 9 0 6 0 6

$density
 [1] 0.2325581 0.3720930 0.0000000 0.1395349 0.0000000 0.2790698 0.0000000
 [8] 0.4186047 0.0000000 0.2790698 0.0000000 0.2790698

$mids
 [1] 0.25 0.75 1.25 1.75 2.25 2.75 3.25 3.75 4.25 4.75 5.25 5.75

$xname
[1] "as.numeric(column)"

$equidist
[1] TRUE

attr(,"class")
[1] "histogram"
$breaks
[1] -1  0

$counts
[1] 43

$density
[1] 1

$mids
[1] -0.5

$xname
[1] "as.numeric(column)"

$equidist
[1] TRUE

attr(,"class")
[1] "histogram"
$breaks
[1] -1  0

$counts
[1] 43

$density
[1] 1

$mids
[1] -0.5

$xname
[1] "as.numeric(column)"

$equidist
[1] TRUE

attr(,"class")
[1] "histogram"
