$breaks
 [1] 1.0 1.1 1.2 1.3 1.4 1.5 1.6 1.7 1.8 1.9 2.0 2.1 2.2 2.3 2.4 2.5 2.6 2.7 2.8
[20] 2.9 3.0

$counts
 [1] 1 0 0 0 0 0 0 0 0 1 0 0 0 0 0 0 0 0 0 1

$density
 [1] 3.333333 0.000000 0.000000 0.000000 0.000000 0.000000 0.000000 0.000000
 [9] 0.000000 3.333333 0.000000 0.000000 0.000000 0.000000 0.000000 0.000000
[17] 0.000000 0.000000 0.000000 3.333333

$mids
 [1] 1.05 1.15 1.25 1.35 1.45 1.55 1.65 1.75 1.85 1.95 2.05 2.15 2.25 2.35 2.45
[16] 2.55 2.65 2.75 2.85 2.95

$xname
[1] "as.numeric(column)"

$equidist
[1] TRUE

attr(,"class")
[1] "histogram"
$breaks
 [1] 5.00 5.05 5.10 5.15 5.20 5.25 5.30 5.35 5.40 5.45 5.50 5.55 5.60 5.65 5.70
[16] 5.75 5.80 5.85 5.90 5.95 6.00

$counts
 [1] 2 0 0 0 0 0 0 0 0 0 0 0 0 0 0 0 0 0 0 1

$density
 [1] 13.333333  0.000000  0.000000  0.000000  0.000000  0.000000  0.000000
 [8]  0.000000  0.000000  0.000000  0.000000  0.000000  0.000000  0.000000
[15]  0.000000  0.000000  0.000000  0.000000  0.000000  6.666667

$mids
 [1] 5.025 5.075 5.125 5.175 5.225 5.275 5.325 5.375 5.425 5.475 5.525 5.575
[13] 5.625 5.675 5.725 5.775 5.825 5.875 5.925 5.975

$xname
[1] "as.numeric(column)"

$equidist
[1] TRUE

attr(,"class")
[1] "histogram"
$breaks
 [1] 0.00 0.05 0.10 0.15 0.20 0.25 0.30 0.35 0.40 0.45 0.50 0.55 0.60 0.65 0.70
[16] 0.75 0.80 0.85 0.90 0.95 1.00

$counts
 [1] 2 0 0 0 0 0 0 0 0 0 0 0 0 0 0 0 0 0 0 1

$density
 [1] 13.333333  0.000000  0.000000  0.000000  0.000000  0.000000  0.000000
 [8]  0.000000  0.000000  0.000000  0.000000  0.000000  0.000000  0.000000
[15]  0.000000  0.000000  0.000000  0.000000  0.000000  6.666667

$mids
 [1] 0.025 0.075 0.125 0.175 0.225 0.275 0.325 0.375 0.425 0.475 0.525 0.575
[13] 0.625 0.675 0.725 0.775 0.825 0.875 0.925 0.975

$xname
[1] "as.numeric(column)"

$equidist
[1] TRUE

attr(,"class")
[1] "histogram"
$breaks
 [1] 1.00 1.05 1.10 1.15 1.20 1.25 1.30 1.35 1.40 1.45 1.50 1.55 1.60 1.65 1.70
[16] 1.75 1.80 1.85 1.90 1.95 2.00

$counts
 [1] 2 0 0 0 0 0 0 0 0 0 0 0 0 0 0 0 0 0 0 1

$density
 [1] 13.333333  0.000000  0.000000  0.000000  0.000000  0.000000  0.000000
 [8]  0.000000  0.000000  0.000000  0.000000  0.000000  0.000000  0.000000
[15]  0.000000  0.000000  0.000000  0.000000  0.000000  6.666667

$mids
 [1] 1.025 1.075 1.125 1.175 1.225 1.275 1.325 1.375 1.425 1.475 1.525 1.575
[13] 1.625 1.675 1.725 1.775 1.825 1.875 1.925 1.975

$xname
[1] "as.numeric(column)"

$equidist
[1] TRUE

attr(,"class")
[1] "histogram"
$breaks
 [1] 2.00 2.05 2.10 2.15 2.20 2.25 2.30 2.35 2.40 2.45 2.50 2.55 2.60 2.65 2.70
[16] 2.75 2.80 2.85 2.90 2.95 3.00

$counts
 [1] 1 0 0 0 0 0 0 0 0 0 0 0 0 0 0 0 0 0 0 2

$density
 [1]  6.666667  0.000000  0.000000  0.000000  0.000000  0.000000  0.000000
 [8]  0.000000  0.000000  0.000000  0.000000  0.000000  0.000000  0.000000
[15]  0.000000  0.000000  0.000000  0.000000  0.000000 13.333333

$mids
 [1] 2.025 2.075 2.125 2.175 2.225 2.275 2.325 2.375 2.425 2.475 2.525 2.575
[13] 2.625 2.675 2.725 2.775 2.825 2.875 2.925 2.975

$xname
[1] "as.numeric(column)"

$equidist
[1] TRUE

attr(,"class")
[1] "histogram"
$breaks
[1] -1  0

$counts
[1] 3

$density
[1] 1

$mids
[1] -0.5

$xname
[1] "as.numeric(column)"

$equidist
[1] TRUE

attr(,"class")
[1] "histogram"
