$breaks
 [1]  0  2  4  6  8 10 12 14 16 18 20 22 24 26 28 30 32 34 36

$counts
 [1] 2 2 2 2 2 2 2 2 2 2 2 2 2 2 2 2 2 2

$density
 [1] 0.02777778 0.02777778 0.02777778 0.02777778 0.02777778 0.02777778
 [7] 0.02777778 0.02777778 0.02777778 0.02777778 0.02777778 0.02777778
[13] 0.02777778 0.02777778 0.02777778 0.02777778 0.02777778 0.02777778

$mids
 [1]  1  3  5  7  9 11 13 15 17 19 21 23 25 27 29 31 33 35

$xname
[1] "as.numeric(column)"

$equidist
[1] TRUE

attr(,"class")
[1] "histogram"
$breaks
[1] -1  0

$counts
[1] 36

$density
[1] 1

$mids
[1] -0.5

$xname
[1] "as.numeric(column)"

$equidist
[1] TRUE

attr(,"class")
[1] "histogram"
