$breaks
 [1]  1  2  3  4  5  6  7  8  9 10 11 12 13 14 15 16

$counts
 [1] 2 1 1 1 1 1 1 1 1 1 1 1 1 1 1

$density
 [1] 0.1250 0.0625 0.0625 0.0625 0.0625 0.0625 0.0625 0.0625 0.0625 0.0625
[11] 0.0625 0.0625 0.0625 0.0625 0.0625

$mids
 [1]  1.5  2.5  3.5  4.5  5.5  6.5  7.5  8.5  9.5 10.5 11.5 12.5 13.5 14.5 15.5

$xname
[1] "as.numeric(column)"

$equidist
[1] TRUE

attr(,"class")
[1] "histogram"
$breaks
 [1] 4.0 4.2 4.4 4.6 4.8 5.0 5.2 5.4 5.6 5.8 6.0 6.2 6.4 6.6 6.8 7.0

$counts
 [1] 6 0 0 0 2 0 0 0 0 0 0 0 0 0 8

$density
 [1] 1.875 0.000 0.000 0.000 0.625 0.000 0.000 0.000 0.000 0.000 0.000 0.000
[13] 0.000 0.000 2.500

$mids
 [1] 4.1 4.3 4.5 4.7 4.9 5.1 5.3 5.5 5.7 5.9 6.1 6.3 6.5 6.7 6.9

$xname
[1] "as.numeric(column)"

$equidist
[1] TRUE

attr(,"class")
[1] "histogram"
$breaks
 [1] 0.00 0.05 0.10 0.15 0.20 0.25 0.30 0.35 0.40 0.45 0.50 0.55 0.60 0.65 0.70
[16] 0.75 0.80 0.85 0.90 0.95 1.00

$counts
 [1] 8 0 0 0 0 0 0 0 0 0 0 0 0 0 0 0 0 0 0 8

$density
 [1] 10  0  0  0  0  0  0  0  0  0  0  0  0  0  0  0  0  0  0 10

$mids
 [1] 0.025 0.075 0.125 0.175 0.225 0.275 0.325 0.375 0.425 0.475 0.525 0.575
[13] 0.625 0.675 0.725 0.775 0.825 0.875 0.925 0.975

$xname
[1] "as.numeric(column)"

$equidist
[1] TRUE

attr(,"class")
[1] "histogram"
$breaks
 [1] 1.0 1.2 1.4 1.6 1.8 2.0 2.2 2.4 2.6 2.8 3.0 3.2 3.4 3.6 3.8 4.0 4.2 4.4 4.6
[20] 4.8 5.0

$counts
 [1] 6 0 0 0 2 0 0 0 0 0 0 0 0 0 6 0 0 0 0 2

$density
 [1] 1.875 0.000 0.000 0.000 0.625 0.000 0.000 0.000 0.000 0.000 0.000 0.000
[13] 0.000 0.000 1.875 0.000 0.000 0.000 0.000 0.625

$mids
 [1] 1.1 1.3 1.5 1.7 1.9 2.1 2.3 2.5 2.7 2.9 3.1 3.3 3.5 3.7 3.9 4.1 4.3 4.5 4.7
[20] 4.9

$xname
[1] "as.numeric(column)"

$equidist
[1] TRUE

attr(,"class")
[1] "histogram"
$breaks
 [1] 1.00 1.05 1.10 1.15 1.20 1.25 1.30 1.35 1.40 1.45 1.50 1.55 1.60 1.65 1.70
[16] 1.75 1.80 1.85 1.90 1.95 2.00

$counts
 [1] 10  0  0  0  0  0  0  0  0  0  0  0  0  0  0  0  0  0  0  6

$density
 [1] 12.5  0.0  0.0  0.0  0.0  0.0  0.0  0.0  0.0  0.0  0.0  0.0  0.0  0.0  0.0
[16]  0.0  0.0  0.0  0.0  7.5

$mids
 [1] 1.025 1.075 1.125 1.175 1.225 1.275 1.325 1.375 1.425 1.475 1.525 1.575
[13] 1.625 1.675 1.725 1.775 1.825 1.875 1.925 1.975

$xname
[1] "as.numeric(column)"

$equidist
[1] TRUE

attr(,"class")
[1] "histogram"
$breaks
[1] -1  0

$counts
[1] 16

$density
[1] 1

$mids
[1] -0.5

$xname
[1] "as.numeric(column)"

$equidist
[1] TRUE

attr(,"class")
[1] "histogram"
