$breaks
 [1]  0  2  4  6  8 10 12 14 16 18 20 22 24 26

$counts
 [1] 2 2 2 2 2 2 2 2 2 2 2 2 2

$density
 [1] 0.03846154 0.03846154 0.03846154 0.03846154 0.03846154 0.03846154
 [7] 0.03846154 0.03846154 0.03846154 0.03846154 0.03846154 0.03846154
[13] 0.03846154

$mids
 [1]  1  3  5  7  9 11 13 15 17 19 21 23 25

$xname
[1] "as.numeric(column)"

$equidist
[1] TRUE

attr(,"class")
[1] "histogram"
$breaks
 [1]  3  4  5  6  7  8  9 10 11 12 13 14

$counts
 [1] 3 1 4 1 2 2 2 3 4 2 2

$density
 [1] 0.11538462 0.03846154 0.15384615 0.03846154 0.07692308 0.07692308
 [7] 0.07692308 0.11538462 0.15384615 0.07692308 0.07692308

$mids
 [1]  3.5  4.5  5.5  6.5  7.5  8.5  9.5 10.5 11.5 12.5 13.5

$xname
[1] "as.numeric(column)"

$equidist
[1] TRUE

attr(,"class")
[1] "histogram"
$breaks
 [1] 0.0 0.5 1.0 1.5 2.0 2.5 3.0 3.5 4.0 4.5 5.0

$counts
 [1] 1 5 0 9 0 6 0 4 0 1

$density
 [1] 0.07692308 0.38461538 0.00000000 0.69230769 0.00000000 0.46153846
 [7] 0.00000000 0.30769231 0.00000000 0.07692308

$mids
 [1] 0.25 0.75 1.25 1.75 2.25 2.75 3.25 3.75 4.25 4.75

$xname
[1] "as.numeric(column)"

$equidist
[1] TRUE

attr(,"class")
[1] "histogram"
$breaks
 [1] 0.0 0.2 0.4 0.6 0.8 1.0 1.2 1.4 1.6 1.8 2.0 2.2 2.4 2.6 2.8 3.0

$counts
 [1]  1  0  0  0  6  0  0  0  0 11  0  0  0  0  8

$density
 [1] 0.1923077 0.0000000 0.0000000 0.0000000 1.1538462 0.0000000 0.0000000
 [8] 0.0000000 0.0000000 2.1153846 0.0000000 0.0000000 0.0000000 0.0000000
[15] 1.5384615

$mids
 [1] 0.1 0.3 0.5 0.7 0.9 1.1 1.3 1.5 1.7 1.9 2.1 2.3 2.5 2.7 2.9

$xname
[1] "as.numeric(column)"

$equidist
[1] TRUE

attr(,"class")
[1] "histogram"
$breaks
 [1] 0.0 0.5 1.0 1.5 2.0 2.5 3.0 3.5 4.0 4.5 5.0 5.5 6.0

$counts
 [1] 2 2 0 3 0 5 0 4 0 3 0 7

$density
 [1] 0.1538462 0.1538462 0.0000000 0.2307692 0.0000000 0.3846154 0.0000000
 [8] 0.3076923 0.0000000 0.2307692 0.0000000 0.5384615

$mids
 [1] 0.25 0.75 1.25 1.75 2.25 2.75 3.25 3.75 4.25 4.75 5.25 5.75

$xname
[1] "as.numeric(column)"

$equidist
[1] TRUE

attr(,"class")
[1] "histogram"
$breaks
[1] -1  0

$counts
[1] 26

$density
[1] 1

$mids
[1] -0.5

$xname
[1] "as.numeric(column)"

$equidist
[1] TRUE

attr(,"class")
[1] "histogram"
