$breaks
 [1]  0  2  4  6  8 10 12 14 16 18 20 22 24

$counts
 [1] 2 2 2 2 2 2 2 2 2 2 2 2

$density
 [1] 0.04166667 0.04166667 0.04166667 0.04166667 0.04166667 0.04166667
 [7] 0.04166667 0.04166667 0.04166667 0.04166667 0.04166667 0.04166667

$mids
 [1]  1  3  5  7  9 11 13 15 17 19 21 23

$xname
[1] "as.numeric(column)"

$equidist
[1] TRUE

attr(,"class")
[1] "histogram"
$breaks
 [1] 0.0 0.5 1.0 1.5 2.0 2.5 3.0 3.5 4.0 4.5 5.0 5.5 6.0 6.5 7.0 7.5 8.0

$counts
 [1] 3 3 0 5 0 5 0 0 0 4 0 2 0 1 0 1

$density
 [1] 0.25000000 0.25000000 0.00000000 0.41666667 0.00000000 0.41666667
 [7] 0.00000000 0.00000000 0.00000000 0.33333333 0.00000000 0.16666667
[13] 0.00000000 0.08333333 0.00000000 0.08333333

$mids
 [1] 0.25 0.75 1.25 1.75 2.25 2.75 3.25 3.75 4.25 4.75 5.25 5.75 6.25 6.75 7.25
[16] 7.75

$xname
[1] "as.numeric(column)"

$equidist
[1] TRUE

attr(,"class")
[1] "histogram"
$breaks
 [1] 0.0 0.2 0.4 0.6 0.8 1.0 1.2 1.4 1.6 1.8 2.0 2.2 2.4 2.6 2.8 3.0 3.2 3.4 3.6
[20] 3.8 4.0

$counts
 [1] 2 0 0 0 8 0 0 0 0 7 0 0 0 0 6 0 0 0 0 1

$density
 [1] 0.4166667 0.0000000 0.0000000 0.0000000 1.6666667 0.0000000 0.0000000
 [8] 0.0000000 0.0000000 1.4583333 0.0000000 0.0000000 0.0000000 0.0000000
[15] 1.2500000 0.0000000 0.0000000 0.0000000 0.0000000 0.2083333

$mids
 [1] 0.1 0.3 0.5 0.7 0.9 1.1 1.3 1.5 1.7 1.9 2.1 2.3 2.5 2.7 2.9 3.1 3.3 3.5 3.7
[20] 3.9

$xname
[1] "as.numeric(column)"

$equidist
[1] TRUE

attr(,"class")
[1] "histogram"
$breaks
[1] -1  0

$counts
[1] 24

$density
[1] 1

$mids
[1] -0.5

$xname
[1] "as.numeric(column)"

$equidist
[1] TRUE

attr(,"class")
[1] "histogram"
$breaks
[1] -1  0

$counts
[1] 24

$density
[1] 1

$mids
[1] -0.5

$xname
[1] "as.numeric(column)"

$equidist
[1] TRUE

attr(,"class")
[1] "histogram"
